-0.712697	-0.0765236
-0.775659	-0.390212
-0.715752	-0.413997
-0.747536	-0.419753
-0.832412	-0.12276
-0.535836	-0.264361
-0.718834	-0.442142
-0.510214	-0.188895
-0.629954	-0.165807
-0.827914	-0.270698
-0.899704	-0.263797
-0.795673	-0.183536
-0.875527	-0.139552
-0.807677	-0.249676
-0.620086	-0.0454704
-0.0597509	0.475273
-0.0958315	0.744951
0.25504	0.517106
-0.18205	0.694742
-0.0657562	0.675156
-0.0678859	0.697203
-0.153086	0.77508
-0.126847	0.796324
-0.428943	0.805187
-0.378092	0.697913
-0.287578	0.616311
-0.460017	0.68463
-0.534785	0.717095
-0.621502	0.773625
-0.672993	0.680873
-0.743137	0.574329
-0.772114	0.659575
-0.775546	0.628712
-0.732456	0.611615
-0.778669	0.613033
-0.762389	0.636605
-0.55661	0.0648096
-0.626908	-0.187068
-0.740657	-0.0560821
-0.807066	0.13712
-0.79605	0.210946
-0.924093	0.306461
-0.983415	0.474799
-0.7538	0.430775
-0.723678	0.455657
-0.533982	0.346711
-0.391289	0.304426
-0.23394	0.27328
-0.555234	0.623847
-0.721559	0.837326
-0.57578	0.829288
-0.319052	0.811286
-0.253124	0.813675
-0.231904	0.854852
-0.258961	0.865279
-0.263469	0.862103
-0.370907	0.916375
-0.609395	0.876371
-0.320504	0.643374
0.0172796	0.615846
-0.123301	0.656904
-0.279578	0.790936
-0.308694	0.919402
-0.391029	1.01362
-0.481871	0.947584
-0.614595	0.8956
-0.625327	0.872945
-0.542072	0.474837
-0.483688	0.0212653
-0.485713	-0.0358892
-0.380101	-0.141063
-0.348555	-0.119244
-0.37144	-0.0999657
-0.346272	-0.0293786
-0.326959	0.180399
-0.0196949	0.305089
0.200122	0.446461
0.448365	0.427744
0.473184	0.669992
0.202413	0.577556
0.0612029	0.653554
0.110156	0.550198
0.120783	0.49072
0.0853356	0.374219
0.11842	0.271659
-0.0672799	0.304342
-0.301485	0.342844
-0.471503	0.451184
-0.435293	0.446661
-0.315627	0.516887
-0.0308203	0.731432
0.0801242	0.593875
0.0576206	0.589236
0.313617	0.552593
0.402073	0.48329
0.25508	0.377651
0.02954	0.25919
-0.206293	0.330966
-0.194151	-0.0316867
0.00852424	-0.174146
-0.0504368	0.133079
-0.417264	0.356374
-0.474612	0.0443959
-0.554729	0.0618904
-0.384612	0.197517
-0.407435	0.472343
-0.387039	0.351902
-0.331508	0.377605
-0.325908	0.574191
-0.388202	0.388603
-0.403165	0.121883
-0.546591	0.32771
-0.352249	0.490382
-0.116528	0.39722
0.0395109	0.386605
-0.00295724	0.567779
-0.203838	0.426465
-0.354061	-0.0210958
-0.287624	-0.138124
-0.0989224	-0.120116
0.0480735	-0.253509
0.134761	-0.209161
-0.249714	-0.111237
0.0944882	-0.0926755
-0.323087	0.119821
-0.542501	0.315101
-0.659065	0.392514
-0.612585	0.261815
-0.59574	0.370231
-0.694803	0.00658179
-0.783833	-0.0957381
-0.814241	-0.185718
-0.824227	-0.295468
-0.649866	-0.153967
-0.60299	-0.0957385
-0.484819	-0.0546055
-0.211809	0.152133
-0.380442	0.0141344
-0.656099	0.455662
-0.780604	0.485132
-0.485905	0.579784
-0.0670836	0.241925
-0.433011	0.227054
-0.363864	0.126266
-0.518114	0.0969569
-0.41972	0.0954184
-0.519046	0.142069
-0.566445	0.153622
-0.633781	0.123842
-0.611063	0.145073
-0.397251	0.0908125
-0.322539	-0.0085504
-0.301071	-0.211031
-0.241879	-0.428598
-0.363456	-0.466055
-0.219484	-0.442878
-0.0576447	-0.595372
-0.142032	-0.474341
-0.0159433	-0.473116
0.147331	-0.473095
0.227829	-0.0122895
0.040449	0.0525954
0.0342807	0.0709688
0.00387558	0.220001
-0.144415	0.0542493
-0.321831	0.0315204
-0.0570906	0.0379055
-0.333674	0.0612884
-0.547431	0.198147
-0.420725	0.208239
-0.409814	0.269662
-0.600932	0.406724
-0.529931	0.418887
-0.604461	0.554575
-0.0494238	0.656467
0.0874626	0.59186
-0.0187047	0.348977
-0.18243	0.137063
-0.0657222	-0.164
-0.164133	-0.217441
-0.0271477	-0.124431
-0.555731	-0.603292
-0.465991	-0.61175
-0.473568	-0.296337
-0.356246	-0.132443
-0.144827	-0.154003
-0.165657	-0.284144
-0.0353854	-0.399934
-0.322958	-0.165061
-0.245241	-0.225641
-0.323759	-0.142774
-0.261652	-0.125477
-0.381162	-0.0960925
-0.530781	-0.0370494
-0.617272	-0.276332
-0.797833	-0.324576
-0.831347	-0.255281
-0.839029	-0.369428
-0.932939	-0.425273
-0.724129	-0.246419
-0.965532	-0.0299018
-0.775661	-0.317236
-0.778854	-0.288276
-0.784547	-0.297652
-0.857586	-0.433159
-0.382435	-0.030016
-0.553474	-0.0606334
-0.768353	-0.103877
-0.814084	-0.400513
-1.02449	-0.313433
-0.805207	-0.137577
-0.578726	-0.230638
-0.630294	0.0167703
-0.79104	-0.0564627
-0.932546	-0.148529
-0.820697	-0.242444
-0.723427	-0.206684
-0.845176	0.245334
-0.510122	0.553023
-0.498226	0.0269028
-0.312659	-0.0961974
-0.000875993	-0.159574
0.13234	-0.267414
-0.0269445	-0.483769
-0.193396	-0.446273
-0.327051	-0.190905
-0.369007	-0.201745
-0.472343	-0.0934479
-0.566849	-0.0830618
-0.509172	-0.0484251
-0.532386	0.0514303
-0.553629	0.202621
-0.582105	0.395804
-0.488351	0.512091
-0.427734	0.65266
-0.563639	0.838742
-0.642505	0.957662
-0.656749	1.09679
-0.622016	1.06284
-0.539717	1.02741
-0.378954	0.949681
-0.428332	0.88407
-0.475546	0.78506
-0.600789	0.666071
-0.692628	0.421507
-0.627426	0.133313
-0.446066	-0.0137948
-0.189784	-0.00353013
0.041507	0.104565
0.107253	0.212479
0.106855	0.402522
-0.13093	0.430587
-0.459806	0.255895
-0.322818	-0.170751
-0.134557	-0.155594
-0.677438	0.04883
-0.437242	-0.0826217
-0.526523	-0.211643
-0.362132	-0.158105
-0.516647	-0.309672
-0.768392	-0.191108
-0.809337	-0.159603
-0.772599	-0.145649
-0.760015	-0.133842
-0.773282	-0.10384
-0.818877	-0.0801295
-0.714897	-0.197814
-0.689756	-0.250342
-0.689341	-0.303763
-0.693882	-0.349838
-0.664326	-0.405703
-0.721624	-0.376946
-0.789355	-0.240155
-0.594466	-0.204196
-0.520991	-0.0310387
-0.570457	0.107483
-0.624359	0.260249
-0.898544	0.389306
-0.885126	0.542053
-0.782536	0.501095
-0.808879	0.498933
-0.891697	0.535873
-0.826337	0.403457
-0.913302	0.472212
-0.60089	-0.0510927
-0.504156	-0.269899
-0.563461	-0.158917
-0.678342	-0.00205711
-0.848029	0.152032
-0.808631	0.442593
-0.781076	0.65346
-0.686964	0.617265
-0.651676	0.667964
-0.228833	0.608225
-0.142409	0.599204
-0.354937	0.392247
-0.359035	0.337938
-0.11149	0.382663
-0.424189	0.227226
-0.474571	-0.0135931
-0.565759	0.0237661
-0.877737	-0.0402328
-0.944763	-0.142807
-0.558226	0.197071
-0.872094	-0.161514
-0.781575	-0.27016
-0.559731	-0.345255
-0.921627	-0.204495
-0.135094	-0.0236221
-0.071072	0.0181129
-0.107886	0.0135409
-0.0780757	0.129402
-0.381676	0.206227
-0.889823	-0.073284
-0.392308	0.0373795
-0.226592	-0.159654
-0.0467058	-0.201181
-0.0921785	-0.138464
-0.0330903	-0.128543
-0.007727	-0.0919074
-0.00574134	-0.0588391
0.0256333	-0.0276136
-0.0035629	0.0821464
-0.0664868	0.304281
-0.140824	0.108557
-0.721032	-0.133837
-0.774831	-0.0706933
-0.50637	-0.18693
-0.490269	0.0103991
-0.337765	-0.159849
-0.0456281	-0.284723
-0.426528	-0.0310591
0.166371	0.092728
0.109349	0.394238
0.452209	0.272202
0.284806	0.143509
0.0390018	0.114548
-0.142389	-0.0129563
-0.230716	0.021289
-0.0983751	0.089248
-0.321096	0.0876007
-0.46609	0.156037
-0.462654	0.237868
-0.247716	0.362336
-0.156803	0.413708
-0.0554066	0.698693
-0.497822	0.528075
-0.183032	0.202432
-0.313867	0.34379
0.209924	0.453434
0.474036	0.23347
0.434265	-0.0555656
-0.0700182	-0.319885
-0.331575	-0.220287
-0.462593	-0.172284
-0.685351	-0.234425
-0.511158	-0.205226
-0.429504	-0.0940751
-0.449552	-0.00839362
-0.529472	0.178635
-0.680405	0.140714
-0.554005	0.23607
-0.372113	-0.13446
-0.508643	-0.356849
-0.576044	-0.219078
-0.826148	0.192841
-0.813219	0.472466
-0.685326	0.545896
-0.555843	0.448428
-0.311211	0.329763
-0.0462398	0.61325
0.212468	0.845359
0.233561	0.987799
-0.0168166	0.99843
-0.326786	0.685019
-0.265142	0.615381
-0.441243	0.737949
-0.295266	0.652064
-0.237963	0.683524
-0.225802	0.605286
-0.0759032	0.511946
0.106311	0.400132
-0.149725	0.370862
-0.11601	0.141668
-0.273572	0.143497
-0.738416	-0.307892
-0.823938	-0.209609
-0.901862	-0.529949
-0.41388	-0.28222
-0.0391378	0.453429
-0.362785	0.6739
-0.277428	0.321509
-0.359579	-0.0622414
-0.338423	-0.175542
-0.202602	-0.171814
-0.18949	0.319133
-0.0730615	0.238595
0.326581	-0.139159
0.250439	0.101685
-0.188443	-0.00253057
-0.5459	0.0713657
-0.734737	-0.0124604
-0.588961	-0.092973
-0.605084	-0.17978
-0.769031	-0.122498
-0.251624	-0.118391
-0.497603	-0.272138
-0.536767	-0.344652
-0.740387	-0.289028
-0.729555	-0.294596
-0.824219	-0.254304
-0.732437	-0.29876
-0.733875	-0.318019
-0.727617	-0.258013
-0.733517	-0.11371
-0.665117	-0.00743583
-0.664337	0.523991
-0.708563	0.652179
-0.420587	0.496119
-0.261055	0.361092
0.0047761	0.195107
-0.0597952	0.195366
0.0471293	-0.00188348
-0.0155897	0.216152
0.122773	0.574
-0.0387023	0.200448
-0.303181	0.153353
-0.279188	-0.0103931
-0.179885	0.275046
-0.18245	0.166882
-0.744607	-0.0937772
-0.896424	-0.32288
-0.896545	-0.258172
-0.776581	-0.236899
-0.809558	-0.343651
-0.787641	-0.347482
-0.782448	-0.296157
-0.75738	-0.339606
-0.548219	-0.219267
-0.683614	-0.187817
-0.659042	-0.211257
-0.264969	0.094435
-0.309883	-0.104272
-0.468975	0.333068
-0.270406	0.465922
-0.177973	0.422045
0.0526413	0.444769
0.216582	0.317461
0.177751	0.0201123
0.054747	-0.0321623
-0.1627	-0.140594
-0.205002	-0.485312
-0.381739	-0.369388
-0.692656	-0.00167334
-0.552605	0.0353412
-0.485419	0.11666
-0.645984	0.169375
-0.401158	0.0300201
-0.741525	-0.198526
-0.690583	-0.139733
-0.638921	-0.207502
-0.139917	0.0393525
-0.225144	-0.0770127
-0.28041	-0.194083
-0.302184	-0.291441
-0.210316	-0.248564
-0.0150733	-0.107931
0.116994	0.0304935
0.280561	0.18667
0.307867	-0.216931
-0.168264	-0.266154
-0.287116	-0.289268
0.0486743	-0.304145
-0.305264	-0.336553
-0.176466	-0.0330528
0.194536	0.434015
-0.127864	0.21861
-0.466467	0.270651
-0.332152	0.152456
-0.459258	0.171743
-0.79838	0.327364
-0.774235	0.285067
-0.684476	0.199874
-0.531359	0.200084
-0.278106	0.201707
-0.177267	0.0251086
-0.20302	0.0626984
-0.465536	-0.135763
-0.510038	-0.320325
-0.423886	-0.461432
-0.242179	-0.429042
-0.172127	-0.34332
0.0381832	-0.252678
0.236371	-0.136682
0.116173	-0.105686
-0.118443	0.0611934
0.0406737	-0.0772878
-0.247194	-0.19554
0.171507	-0.219541
0.0440146	0.0721808
-0.091062	0.568117
-0.082488	0.448475
-0.0773261	0.498326
0.04474	0.398645
0.103403	0.362484
0.185026	0.430453
0.13315	0.376249
0.257478	0.382466
0.0482363	0.262471
-0.382883	0.253235
-0.743226	-0.125034
-0.999845	-0.161419
-1.05712	-0.132803
-1.05938	0.0231973
-1.13622	-0.0712485
-1.08952	-0.0292608
-0.84429	0.181285
-1.01763	0.0189041
-0.73617	0.768981
-0.467321	0.808757
-0.497676	0.702577
-0.525524	0.560036
-0.505346	0.530808
-0.44078	0.373317
-0.328814	0.214151
-0.128474	0.155211
0.215255	0.0977145
0.190465	0.198338
0.202051	0.356541
0.330817	0.405615
0.225489	0.547972
0.340023	0.521308
0.185207	0.362804
-0.0793191	0.486038
-0.438911	0.550471
-0.608746	0.447258
-0.173457	-0.0299245
-0.375288	0.436648
-0.642061	0.609194
-0.473083	0.616875
-0.515767	-0.0170588
-0.588361	-0.045459
-0.625965	-0.130501
-0.818494	-0.050981
-0.9573	-0.0892832
-1.00655	0.00774138
-0.967364	0.0557164
-0.908317	0.158753
-0.820939	0.350439
-0.630183	0.524014
-0.362206	0.717033
-0.210254	0.834734
-0.137285	0.988299
-0.271698	1.14664
-0.401625	1.17042
-0.428333	1.07274
-0.451893	0.873607
-0.273318	0.826444
-0.262962	0.747434
-0.278639	0.800775
-0.205107	0.599733
-0.122279	0.483977
-0.233678	0.581532
-0.178616	0.469705
0.0858193	0.356761
-0.20699	0.132193
-0.272308	-0.234662
-0.296986	-0.177538
-0.262797	-0.131196
-0.146603	-0.474458
-0.333678	-0.346835
-0.185445	-0.350932
-0.221764	-0.344511
-0.132666	-0.044488
-0.222932	-0.197554
-0.286652	-0.0997833
-0.383988	-0.119782
-0.443821	0.0138155
-0.433144	-0.249714
-0.517136	-0.238663
-0.671018	-0.226277
-0.595631	-0.224015
-0.734718	-0.27642
-0.522807	-0.238787
-0.866961	-0.223341
-0.66814	-0.08882
-0.680613	-0.258498
-0.514704	-0.386503
-0.279689	-0.180391
-0.139852	-0.0730065
-0.00987479	0.0246733
0.0293495	0.0627051
0.0581012	0.15703
0.0230285	0.0487583
-0.136881	0.0233762
-0.247132	0.15045
-0.635842	0.000330228
-0.629144	-0.0694495
-0.776442	0.0389457
-0.752136	-0.0863887
-0.641455	-0.295644
-0.840208	-0.138644
-0.958813	-0.244837
-0.778147	-0.349591
-0.946882	-0.475916
-0.470976	-0.109334
-0.798362	-0.259815
-0.810175	-0.183384
-0.905686	-0.508134
-0.896085	-0.367959
-0.817864	-0.347415
-0.668389	-0.27723
-0.705794	-0.245014
-0.749995	-0.163935
-0.361318	0.0263507
0.081436	0.314701
0.109857	0.551304
0.0747124	0.511263
-0.117809	0.416827
0.0382906	0.336056
0.083467	0.455224
-0.334348	0.463959
-0.477132	0.636845
-0.327182	0.84159
-0.33741	0.575536
-0.319809	0.591991
-0.0829488	0.716371
0.238148	0.633506
0.0547703	0.50806
-0.0925811	0.281867
-0.250296	0.238895
-0.387077	0.0307461
-0.445906	-0.195705
-0.475049	-0.131824
-0.33136	-0.243776
-0.396164	-0.112561
-0.34356	-0.184919
-0.568039	-0.209174
-0.417541	-0.110211
-0.301512	0.197253
-0.575124	0.448742
-0.657238	0.311111
-0.676885	0.275496
-0.930673	0.42212
-0.954326	0.443214
-0.87868	0.40281
-0.901109	0.485967
-0.778051	0.487168
-0.672886	0.574936
-0.561227	0.586713
-0.579219	0.517062
-0.450949	0.388269
-0.507794	0.437499
-0.460064	0.516855
-0.359691	0.47531
-0.420911	0.536405
-0.426623	0.608775
-0.319781	0.764388
-0.332081	0.747634
0.112892	0.577703
0.232086	0.664651
0.203967	0.690007
-0.339868	0.417012
-0.181371	0.588361
-0.188179	0.802662
-0.236688	0.296011
-0.129946	0.218405
-0.0323414	0.562053
0.13429	0.290374
0.113379	0.00105898
-0.399437	0.165538
-0.892037	0.118105
-0.906773	-0.0262639
-0.943578	-0.111355
-0.914713	-0.232311
-0.86117	-0.374055
-0.625566	-0.52546
-0.393721	-0.500965
-0.0629862	-0.186644
-0.0534539	0.255646
-0.573814	-0.179961
-0.84953	-0.0469566
-1.08639	-0.0937276
-1.08559	-0.00459814
-0.831929	0.17392
-0.798603	-0.0590575
-0.819181	0.0370779
-0.373885	0.37896
-0.515814	0.529919
-0.394583	0.627206
-0.353755	0.656813
-0.418139	0.673122
-0.277636	0.780142
0.035573	0.345451
-0.200957	0.217928
-0.439882	0.166678
-0.644987	0.10979
-0.733303	-0.0170201
-0.720822	-0.155488
-0.635666	-0.0169784
-0.632815	-0.235336
-0.509049	-0.453631
-0.544312	-0.4298
-0.52259	-0.420264
-0.325978	-0.255352
-0.708768	0.417175
-0.839231	0.566791
-0.732922	0.590967
-0.730967	0.549008
-0.703884	0.624913
-0.704882	0.641717
-0.623986	0.665681
-0.618932	0.657379
-0.320925	0.534881
-0.243948	0.557482
-0.109964	0.561918
0.0119176	0.444424
-0.0775671	0.489809
0.0341589	0.368305
-0.173959	0.427216
-0.311281	0.375921
-0.349621	0.545982
-0.326681	0.629595
-0.14879	0.711574
0.092497	0.584018
0.0015912	0.488035
-0.0165385	0.347717
-0.0152299	0.390128
0.00300754	0.270791
-0.232904	0.242331
-0.250822	0.133947
-0.421453	0.0948753
-1.40623	-0.16998
-1.33694	0.189681
-0.433086	-0.211726
-0.0713373	-0.0464223
-0.140819	0.302791
0.0781848	0.674552
-0.437899	0.620876
-0.539948	0.497652
-0.815313	0.424345
-0.769766	0.433461
-0.788043	0.415345
-0.568478	0.297715
-0.278422	0.436139
-0.297851	0.348643
-0.412369	0.145946
-0.497477	0.0128817
-0.678867	0.0524721
-0.584864	0.0781673
-0.740999	-0.230099
-0.551195	-0.0219165
-0.505402	-0.129579
-0.877317	-0.0615977
-0.712115	0.0231121
-0.498256	-0.0956458
-0.466484	-0.0613198
-0.324166	-0.307513
-0.611704	-0.23178
-0.765457	-0.136308
-0.695204	-0.150529
-0.244835	-0.157801
0.0851306	0.196876
0.156056	0.0127088
-0.113145	0.0775213
-0.353411	-0.191202
-0.438104	-0.391996
-0.414675	-0.291758
-0.404297	-0.110445
-0.585543	-0.00853331
-0.575879	-0.140246
-0.554848	-0.110947
-0.333199	-0.238613
-0.367405	-0.432027
-0.123317	-0.041197
-0.236946	0.0159682
-0.264134	0.0336725
-0.172611	0.118867
-0.621907	0.477437
-0.680352	0.284284
-0.745159	-0.0428294
-0.564798	0.279078
-0.263318	0.235125
-0.413742	0.450056
-0.0640656	0.335413
0.150283	0.422194
0.313596	0.350865
0.49539	0.315647
0.575411	0.273469
0.2675	0.369964
0.157448	0.453152
0.0769759	0.378687
0.0294289	0.208583
-0.155072	0.12146
-0.243576	-0.0077007
-0.318639	-0.143091
-0.440331	-0.25876
-0.552619	-0.336123
-0.347645	-0.0351835
-0.411425	-0.365581
-0.451027	-0.052388
-0.4893	-0.182437
-0.402666	-0.366721
-0.421395	-0.333463
-0.473872	-0.232114
-0.520293	-0.0297051
-0.468146	0.0899857
-0.316536	0.0717146
-0.329829	-0.0467431
-0.462525	-0.297425
-0.432105	-0.275181
-0.240974	-0.209361
-0.339986	-0.175536
-0.685644	-0.00109251
-0.649197	-0.31492
-0.563428	-0.214646
-0.61704	-0.190186
-0.73206	-0.228908
-0.651886	-0.374994
-0.390066	-0.268906
-0.291881	-0.338157
-0.419276	-0.269453
-0.406464	-0.566414
-0.177756	-0.567881
-0.356181	-0.455189
-0.20551	-0.503171
-0.203489	-0.574345
-0.146564	-0.426948
-0.0967382	-0.145556
0.0533421	-0.274364
-0.129717	-0.602868
-0.263097	-0.518559
-0.226526	-0.397056
-0.437443	-0.450469
-0.69785	-0.467438
-0.745354	-0.494873
-0.73569	-0.313796
-0.804291	-0.207224
-0.558586	-0.247911
-0.598731	-0.201146
-0.729798	-0.247426
-0.811492	-0.303539
-0.700215	-0.342332
-0.711449	-0.283706
-0.782708	-0.343861
-0.316763	0.0144909
-0.734479	-0.273175
-0.677543	-0.333414
-0.83507	-0.0671761
-0.838242	-0.259159
-0.799091	-0.403716
-0.681258	-0.204608
-0.666146	-0.28357
-0.833634	-0.243977
-1.0208	-0.124553
-0.74586	-0.254872
-0.375049	0.223274
0.127176	0.26812
0.095929	0.607899
-0.00585361	0.470857
0.125449	0.2106
-0.0454081	0.0422414
-0.17461	0.024933
-0.0785378	0.00380222
0.0501756	-0.0717063
0.255134	-0.128236
0.257689	-0.109144
0.449584	0.00767591
0.4212	0.191356
0.207504	0.318719
0.19259	0.0961833
-0.0352069	0.0669771
-0.13396	0.0153313
-0.245333	0.020981
-0.170653	-0.241696
-0.149634	-0.129977
-0.141717	-0.145584
-0.238446	-0.29754
-0.15322	-0.16663
0.0811849	-0.037269
0.137618	0.0417349
0.0797855	0.0241599
0.105416	-0.226207
-0.0673454	-0.366165
-0.252344	-0.443255
-0.515884	-0.385793
-0.615098	-0.357401
-0.424246	-0.402426
-0.49622	-0.308275
-0.254522	-0.208014
-0.275313	0.269791
-0.16045	0.617074
-0.221144	0.400334
-0.00765561	0.65491
0.0564155	0.713502
0.194357	0.569445
0.536075	0.355432
0.60645	0.328372
0.475903	0.402677
0.26904	0.375353
0.445642	0.147011
0.519936	-0.104337
0.402624	0.100498
0.22047	0.0253342
0.380424	-0.0790025
0.22251	0.128524
0.263268	0.091613
0.183042	0.248748
0.0653538	0.282367
0.148012	0.36233
0.214756	0.348565
0.10646	0.135867
0.00571757	-0.0656927
-0.177371	-0.43365
0.00675023	-0.473985
-0.0358949	-0.369021
-0.42123	-0.474098
-0.136024	-0.335151
-0.313469	0.197079
-0.254409	0.420739
-0.373285	0.230958
-0.643008	0.0143987
-0.579707	0.0404414
-0.529032	-0.219442
-0.405169	-0.228801
-0.28716	0.330761
-0.515559	0.308087
-0.804124	0.36253
-0.75655	0.548404
-0.734934	0.58695
-0.779672	0.539898
-0.864832	0.380037
-0.584583	0.169712
-0.358606	0.121773
-0.195228	0.109669
-0.101984	0.272219
0.0733556	0.277814
0.122826	0.372671
0.0215198	0.517375
0.126631	0.408035
0.181259	0.237523
0.260339	0.16926
0.261893	0.180399
0.329826	0.357545
0.0394063	0.531562
-0.264515	0.684261
-0.255439	0.613819
-0.239911	0.410185
-0.105011	0.330781
-0.117501	0.104666
-0.0491543	0.0593326
-0.108057	-0.00956648
-0.046185	-0.139555
-0.0227456	-0.321491
-0.22118	-0.326697
-0.293983	-0.401004
-0.147927	-0.229007
-0.0459002	-0.191025
0.320096	-0.0458205
0.452926	0.262788
0.318581	0.333627
0.400373	0.225099
0.38715	0.153532
0.359366	0.342724
0.280818	0.311707
0.251305	0.507178
0.207154	0.227428
-0.0352275	-0.00664083
-0.306605	-0.13496
-0.460775	-0.344502
-0.738663	-0.342604
-0.7615	-0.285145
-0.76084	-0.0143334
-0.914175	0.253667
-0.377948	0.364063
-0.139468	0.349702
0.02448	0.181073
0.0237543	0.275288
0.126062	0.187955
-0.0823517	0.285551
-0.407825	0.363561
-0.665949	0.436673
-0.743972	0.253265
-0.893907	0.128975
-0.918175	-0.0213843
-0.519925	0.000712416
-0.495304	0.0522277
-0.438223	-0.0283485
-0.302451	-0.329258
-0.501162	-0.451211
-0.663053	-0.127721
-0.496992	-0.16352
-0.459948	-0.267843
-0.433333	-0.347648
-0.655016	-0.347318
-0.418671	-0.281432
-0.583514	0.0982511
-0.629624	-0.170584
-0.723537	-0.0834069
-0.811991	-0.294504
-0.997399	-0.185942
-0.774602	-0.208705
-0.949195	-0.289047
-0.816596	-0.248056
-0.896377	-0.103464
-1.07456	-0.35144
-0.696201	-0.230763
-0.896191	-0.316236
-1.04117	-0.289051
-1.0182	-0.459842
-0.739683	-0.261412
-0.989534	-0.229925
-0.725535	-0.264895
-0.925936	-0.15027
-0.927357	-0.247878
-0.75355	-0.428874
-1.01302	-0.436246
-1.00626	-0.190523
-0.965084	-0.262861
-0.932202	-0.379101
-0.79803	-0.263642
-0.946298	-0.314478
-0.585347	-0.13862
-1.15145	0.236875
-0.921465	0.158979
-0.422598	-0.234902
-0.452275	-0.190475
0.0526928	0.142154
0.20428	0.20977
0.245365	0.243978
0.209415	0.18064
0.178883	0.202729
0.041738	0.162471
0.0881148	0.207724
0.00737902	0.218226
0.0356946	0.167657
-0.024787	0.263921
-0.56282	0.761063
-0.60038	0.703296
-0.672434	0.812037
-0.688784	0.887202
-0.576993	0.826
-0.552097	0.889867
-0.485561	0.775777
-0.408093	0.760774
-0.279673	0.374985
-0.377892	0.0447907
-0.439051	-0.0257568
-0.456251	0.194594
-0.428766	0.391366
-0.711537	0.420805
-0.884773	0.355119
-0.870086	0.228246
-0.795083	0.0265318
-0.7794	-0.165061
-0.757972	-0.29886
-0.774436	-0.338695
-0.66506	-0.359033
-0.603677	-0.354148
-0.439814	-0.329376
-0.295401	-0.220923
-0.176579	-0.0553665
-0.239998	0.105655
-0.0220557	0.142492
-0.142363	-0.0601547
-0.476044	0.0433952
-0.557026	-0.0368896
-0.490128	-0.192287
-0.737832	-0.446427
-0.736979	-0.249805
-0.762568	-0.157114
-0.795242	-0.277337
-0.287021	-0.212412
-0.430118	0.338339
-0.569624	0.189786
-0.986997	0.544783
-0.353279	0.39754
-0.694933	0.422349
-0.622329	0.251858
-0.526885	-0.118297
-0.65042	-0.175554
-0.590287	-0.409619
-0.849111	-0.188578
-0.840171	-0.174437
-0.86844	-0.414004
-0.471842	-0.348705
-0.410362	-0.541524
-0.228322	-0.272396
-0.293973	-0.0715902
-0.110516	0.025398
-0.214186	0.0439171
-0.274912	0.0469556
-0.4031	-0.145074
-0.470977	-0.337327
-0.458976	-0.206439
-0.489234	-0.13126
-0.628489	-0.117698
-0.7966	0.100418
-0.560129	0.0835899
-0.358372	0.111424
-0.582353	0.138424
-0.619977	0.310213
-0.35281	0.562859
-0.170179	0.835484
-0.140649	0.751643
0.0018502	0.399788
-0.180325	0.428576
-0.349446	0.36703
-0.597692	0.427977
-0.510763	0.303514
-0.435645	0.162492
-0.392128	0.105304
-0.341922	0.0367141
-0.363413	0.0174582
-0.516553	0.00840719
-0.54266	-0.0843955
-0.338384	-0.255465
-0.282891	-0.151079
-0.250824	0.00574198
-0.275148	0.222193
-0.0576918	0.4134
-0.150795	0.307527
-0.142151	0.287452
-0.265647	0.0963205
-0.515751	-0.0299491
-0.519611	-0.325295
-0.549091	-0.30848
-0.29516	-0.467378
-0.442791	-0.246521
-0.468935	-0.338185
-0.317221	-0.254261
-0.51257	-0.174023
-0.673853	-0.273557
-0.495124	-0.00189242
-0.471415	0.0802328
-0.394999	-0.0762039
-0.384932	-0.0966447
-0.373716	-0.176748
-0.50487	-0.0521141
-0.374699	0.000340986
-0.433905	0.179043
-0.0115513	0.481462
0.370239	0.137762
0.28197	0.0944966
0.332748	-0.00518337
0.201	0.158622
-0.275512	0.148351
-0.441638	-0.0562238
-0.540485	-0.0240972
-0.513639	-0.304015
-0.684316	-0.0927199
-0.740148	-0.156657
-0.780169	-0.206903
-0.927661	-0.230771
-0.932542	-0.225449
-0.941124	-0.16616
-0.871096	-0.0278932
-0.543339	-0.0316834
-0.130084	-0.0971634
-0.194318	-0.229442
-0.35528	-0.388
-0.56059	-0.507604
-0.521454	-0.494547
-0.509541	-0.573273
-0.41832	-0.655451
-0.5288	-0.540034
-0.6281	-0.445062
-0.710997	-0.338409
-0.472797	-0.167545
-0.040069	0.202624
0.152959	0.269061
0.290898	0.2798
-0.0028597	0.264038
-0.380464	0.328684
-0.43314	0.488277
-0.343271	0.655201
-0.354142	0.770999
-0.0597018	0.942413
-0.00202948	0.770297
0.338934	0.917191
0.3115	0.857245
-0.0167819	0.882344
-0.0441566	0.906344
0.112173	0.697529
-0.20345	0.273865
-0.309529	-0.0468802
-0.4897	-0.161935
-0.495876	-0.255555
-0.862728	-0.0529511
-0.836756	-0.101096
-0.990066	-0.22078
-0.712426	-0.15326
-0.923288	-0.296201
-0.69141	-0.331321
-0.789574	-0.444154
-0.945913	-0.277957
-0.769841	-0.323567
-0.76222	-0.14761
-0.610081	-0.211427
-0.38403	-0.179795
-0.287635	-0.0642044
-0.622678	0.0376206
-0.604278	-0.226441
-0.659469	0.0223989
-0.745626	-0.148444
-0.776304	-0.361598
-0.773466	-0.210897
-0.823321	-0.244986
-0.946224	-0.28248
-0.809583	-0.303435
-0.726662	-0.363165
-0.864267	-0.329649
-0.928592	-0.492192
-0.883927	-0.445354
-0.727471	-0.349705
-0.560346	0.00733454
-0.792201	-0.204688
-0.819207	-0.407736
-0.671243	-0.295101
-0.796433	-0.31444
-0.844387	-0.219273
-0.76987	-0.28986
-0.873658	-0.268114
-0.488042	0.0835343
-0.153754	0.237208
-0.161021	0.244043
-0.662734	0.0874402
-1.06879	-0.256351
-1.01545	0.0143491
-1.0829	-0.0964992
-1.25572	-0.182844
-1.14522	-0.0346526
-1.06323	0.0601916
-1.0257	0.134284
-0.883204	0.176296
-0.419671	0.0856022
-0.48821	0.194507
-0.475671	-0.00862887
-0.844146	0.0476015
-0.820911	-0.195596
-1.08651	-0.242311
-0.983202	-0.210887
-0.51439	0.721707
-0.516305	0.571149
-0.268275	0.521054
-0.23159	0.483382
-0.226161	0.452244
-0.160563	0.241463
-0.0853377	0.0270759
0.193739	0.00525139
0.109449	0.230355
-0.164122	0.286099
-0.297742	0.423743
-0.579357	0.213789
-0.663729	0.0879621
-0.718606	0.0112435
-0.203493	0.27256
-0.453717	0.109528
-0.272076	0.072789
-0.278782	0.0799748
-0.264287	0.115908
-0.130501	0.116679
-0.0557157	0.162624
-0.127769	0.36104
0.26069	0.368955
0.355135	0.238086
0.330404	0.250599
0.162875	0.126597
0.0509173	0.0680038
-0.448251	0.04335
-0.26182	0.0967566
-0.302809	0.466806
-0.218221	0.415688
0.057777	0.451745
0.155901	0.187954
0.300601	0.113726
0.223991	0.238034
0.300681	0.669214
0.358088	0.417994
0.258034	0.397373
0.0889451	0.500789
-0.132039	0.597401
-0.0846549	0.62108
-0.00858766	0.574133
0.00487009	0.443323
0.0171927	0.494685
-0.00922771	0.52653
0.156992	0.583
0.264022	0.513792
0.111221	0.466931
-0.0643676	0.374285
-0.160231	-0.00818976
-0.0752955	-0.141594
-0.0500165	-0.309157
-0.195089	-0.157429
-0.188799	-0.326645
-0.410813	-0.183604
-0.418699	-0.0607391
-0.690129	0.15528
-0.355246	0.2067
-0.341826	0.758124
-0.413509	0.888359
-0.117419	0.700214
-0.177299	0.776101
-0.281834	0.903427
-0.330805	0.90151
-0.333798	1.0163
-0.396113	0.919541
-0.507992	0.964339
-0.458019	0.906708
-0.543686	0.829952
-0.598243	0.7291
-0.613562	0.529424
-0.681281	0.463288
-0.637657	0.350721
-0.661167	0.262291
-0.651469	0.186715
-0.652638	0.116041
-0.631103	0.0680987
-0.562917	0.00321896
-0.4781	-0.0239922
-0.64552	0.424795
-0.864063	0.714631
-0.746884	0.64155
-0.542593	0.515972
-0.738393	0.557032
-0.685754	0.5043
-0.662235	0.454946
-0.790517	0.559286
-0.826308	0.510706
-0.677967	0.372694
-0.712752	0.380355
-0.797749	0.502104
-0.655004	0.360739
-0.542675	0.168176
-0.532727	0.147335
-0.322103	0.0298227
-0.229688	0.0865434
-0.0308535	0.105336
0.0829381	0.221964
0.351424	0.293907
0.255896	0.203545
0.299472	0.0769904
0.253221	0.0345507
0.19548	-0.111798
-0.0188539	0.116848
0.166321	0.0887011
-0.242263	0.246685
-0.374186	0.197537
-0.532128	0.343359
-0.593939	0.428816
-0.634392	0.421185
-0.607564	0.340145
-0.382055	0.073171
0.256554	0.38101
0.134677	0.530673
-0.108767	0.280401
-0.337303	0.0962812
-0.324782	0.0968341
-0.115825	0.129238
-0.039714	0.0976392
0.132319	0.00967176
0.05966	0.0195719
-0.0068351	0.17313
0.00956632	0.178402
0.0253497	0.109517
0.0349803	0.084136
0.0295337	0.0716745
0.00575579	0.0886183
-0.0315701	-0.0439114
-0.128022	-0.0314257
-0.186055	-0.107885
-0.282449	-0.0777902
-0.350104	-0.0102206
-0.411155	0.0613282
-0.434214	0.0665009
-0.470591	0.039134
-0.427453	0.105369
-0.410629	0.0696037
-0.200914	-0.0200709
-0.0446449	0.0973815
-0.102333	0.360554
0.140562	0.279752
-0.0801617	0.25124
0.0472063	0.087486
0.203522	-0.28603
-0.219321	-0.161261
-0.387805	-0.0580755
-0.438924	-0.358473
-0.575372	-0.161894
-0.532047	-0.430921
-0.434977	0.0919435
0.147075	0.133301
0.118521	0.130556
-0.0896545	-0.0356332
-0.112769	-0.0283439
0.0517075	-0.0077891
-0.00054777	0.0442235
0.0882879	-0.0211239
0.0385926	0.0757291
0.0592131	0.116598
0.142001	0.102065
-0.00613499	-0.0160014
0.0406464	0.124794
-0.21712	0.101047
-0.265695	0.0468623
-0.43733	-0.0543585
-0.673018	-0.282226
-0.604193	-0.163692
-0.632849	-0.261613
-0.448469	-0.295455
-0.164033	0.465471
-0.112925	0.449693
-0.0672987	0.548885
-0.224021	0.587521
-0.130815	0.438318
-0.280249	0.58851
-0.282476	0.503429
-0.316098	0.558785
-0.12922	0.557143
-0.0944642	0.42238
0.108355	0.397698
0.0595207	0.575896
-0.280498	0.489883
-0.0833143	0.190008
-0.0111638	-0.131923
-0.193174	-0.317893
-0.390265	-0.0251337
-0.40182	0.00787536
-0.528185	-0.166995
-0.632088	-0.324238
-0.577877	-0.2201
-0.517549	-0.398245
-0.473681	-0.116323
-0.648325	-0.159123
-0.480391	0.218133
-0.320901	0.308063
-0.264198	0.107786
-0.278306	0.128534
-0.265296	0.621415
0.0116807	0.616048
0.337029	0.416084
-0.514723	0.408188
-0.467363	0.439751
-0.461153	0.429773
-0.132127	0.371836
-0.130684	0.266565
0.0427856	0.140922
0.19439	-0.0433512
-0.00395094	-0.0388901
-0.153828	-0.417679
-0.133644	-0.219798
-0.122784	-0.231645
-0.150715	-0.382598
-0.229602	-0.371614
-0.295805	-0.378336
-0.559511	-0.246574
-0.637695	-0.362225
-0.725432	-0.199526
-0.485338	-0.111154
-0.707853	-0.0753305
-0.648991	-0.391479
-0.645627	-0.140898
-0.845234	-0.332537
-0.518074	-0.331269
-0.644032	-0.514082
-0.664335	-0.118358
-0.258916	0.0994967
-0.446688	-0.0261577
-0.796953	0.00197798
-0.591735	0.000250031
-0.221793	0.258055
-0.666428	0.455142
-0.625176	0.527777
-0.268356	0.504482
-0.264174	0.518548
-0.00679094	0.416383
-0.0257231	0.359539
0.204384	0.311485
0.0868605	0.292027
0.268663	0.342881
-0.107175	0.252623
-0.22619	0.304134
-0.164004	0.262989
-0.336076	-0.0285477
-0.107409	-0.108257
0.048908	-0.229257
-0.0336539	-0.364912
-0.207201	-0.304045
-0.068635	0.0266404
-0.162774	-0.178232
-0.221275	-0.119379
-0.18313	-0.170369
-0.188196	0.0925717
-0.229179	0.0152651
-0.280085	-0.00505272
-0.508411	-0.078095
-0.440801	-0.358231
-0.829229	0.119091
-0.764745	-0.418723
-0.741048	-0.287418
-0.70027	-0.43861
-0.89303	-0.296154
-0.794236	-0.243291
-0.749947	-0.269907
-0.670851	-0.242997
-0.816622	-0.292152
-0.871214	-0.240066
-0.938242	-0.178892
-0.933437	-0.334533
-0.721004	0.0139267
-0.818429	-0.256476
-0.784469	-0.165946
-0.655038	-0.263385
-0.997522	-0.202977
-0.665332	-0.183271
-0.795545	-0.146592
-0.904182	-0.24302
-0.7266	-0.209856
-0.744865	-0.278885
-0.572067	-0.113886
-0.200232	-0.0307503
0.0780295	0.461829
-0.179977	0.409135
0.326155	0.588948
0.392268	0.642246
0.31136	0.794007
0.256184	0.867119
0.17835	0.927317
0.0761965	0.927418
0.0335957	0.877292
-0.192769	0.832089
-0.39904	0.639688
-0.739146	0.518215
-0.816739	0.284559
-0.863891	0.129036
-0.503541	-0.256415
-0.331945	-0.270517
-0.243049	-0.111035
-0.536093	0.394846
-0.432331	0.410544
-0.332151	0.306286
-0.431543	0.340922
-0.0843044	0.112432
0.260778	-0.109339
-0.236996	-0.169295
0.0601494	-0.270795
0.205189	-0.309597
0.322	-0.294733
0.386975	-0.263325
0.425197	-0.232783
0.450555	-0.231543
0.405817	-0.156729
0.245045	0.236392
0.0384177	0.205543
-0.0623989	0.0427205
-0.223103	0.105704
-0.158561	-0.111166
-0.495461	-0.0921944
-0.778694	-0.199206
-0.608689	-0.108485
-0.427956	0.0721603
0.126645	0.112838
0.295806	-0.0205691
0.421109	-0.0855092
0.413879	-0.0610841
0.400616	0.0270242
0.477599	0.0524471
0.147467	0.305521
0.154874	0.191547
-0.298149	0.255038
-0.426575	0.301528
-0.254593	0.0425303
-0.360997	-0.0389557
-0.726363	-0.157218
-0.623621	-0.0258835
-0.211388	0.00724321
-0.2043	-0.152163
-0.294737	-0.140579
-0.33503	-0.143218
-0.323432	-0.162077
-0.315119	-0.16636
-0.324818	-0.0827353
-0.660976	0.325444
-0.652862	0.371982
-0.766484	0.485205
-0.793782	0.505451
-0.63097	0.367402
-0.667391	0.445997
-0.516899	0.408803
-0.540012	0.366429
-0.604119	0.480087
-0.616153	0.537581
-0.631705	0.572862
-0.73511	0.637485
-0.81712	0.617089
-0.57518	0.573487
-0.705757	0.643406
-0.64705	0.678877
-0.604846	0.6744
-0.493133	0.637731
-0.302655	0.611736
-0.203741	0.423437
0.0781655	0.276515
0.295138	0.0829002
0.286222	0.0786382
0.332632	0.0690306
0.322127	0.095739
0.331993	0.118326
0.363721	0.167871
0.309699	0.201438
0.329699	0.239843
0.295762	0.398987
0.227735	0.550058
0.0775856	0.564296
0.144122	0.246342
0.0438087	0.32992
-0.0747994	0.079053
-0.0512847	0.0706366
0.062559	0.0769873
-0.0727306	0.240756
-0.235578	0.288991
-0.533975	0.363157
-0.640461	0.291028
-0.844335	0.345196
-0.766511	0.486629
-0.648873	0.624776
-0.537473	0.657671
-0.483793	0.577667
-0.278693	0.302072
-0.183566	0.0316235
-0.195304	-0.103704
-0.197076	-0.089912
-0.148382	-0.118059
-0.247524	0.00607439
0.0103459	-0.020081
-0.0938368	-0.0219955
0.0126167	-0.08039
-0.0124219	-0.142199
-0.115259	-0.200665
-0.0726219	-0.267593
-0.257411	-0.265579
-0.01799	-0.162745
-0.29336	-0.140169
-0.110513	0.0418077
-0.301569	0.106022
-0.239445	0.0357309
-0.379026	0.10141
-0.523552	-0.0110231
-0.617547	-0.112982
-0.65762	-0.192602
-0.663511	-0.187477
-0.659261	-0.189255
-0.800175	-0.168563
-0.82702	-0.154847
-0.68979	-0.203947
-0.730266	0.268045
-0.560416	0.482703
-0.33787	0.499137
-0.444577	0.626979
-0.295072	0.60494
0.0354123	0.303845
0.218981	0.484087
-0.00546125	0.577883
-0.167386	0.352674
-0.0518199	0.237877
-0.140375	-0.0396342
-0.39054	-0.243621
-0.542927	-0.4014
-0.397464	-0.347386
-0.284769	-0.140444
-0.450544	-0.230554
-0.493261	-0.122994
-0.420136	-0.153271
-0.615618	-0.0357578
-0.558584	-0.0454886
-0.282793	0.343958
0.19555	0.505351
-0.534211	0.607185
-0.430972	0.564092
-0.353572	0.348624
-0.373637	0.259099
-0.579942	0.164335
-0.197784	0.0275573
-0.583162	0.0752036
-0.111445	0.412411
-0.0382317	0.333183
-0.175191	0.0107609
-0.332961	-0.124838
-0.276234	-0.224487
-0.204042	-0.225359
-0.249088	-0.491257
-0.503502	-0.599438
-0.751404	-0.64674
-0.666174	-0.578329
-0.648145	-0.334851
-0.551745	-0.277811
-0.508388	-0.117759
-0.654056	-0.15465
-0.499204	-0.234689
-0.395128	-0.346417
-0.737422	-0.262817
-0.794989	0.1155
-0.480366	-0.110164
0.377206	-0.346362
0.0279498	-0.295302
-0.184846	-0.35925
-0.448673	-0.450662
-0.557762	-0.492363
-0.466481	-0.688459
-0.333705	-0.652559
-0.137868	-0.55835
-0.178432	-0.0655574
-0.430839	0.0983263
-0.4528	0.349583
-0.343242	0.19975
-0.373509	0.0146837
-0.284612	-0.207353
-0.324259	-0.280779
-0.401351	-0.262227
-0.569232	-0.0934886
-0.534742	-0.190688
-0.306874	-0.39769
-0.144496	-0.224747
-0.499665	0.0361396
-0.315896	-0.106195
-0.263218	0.180452
-0.126351	0.647496
-0.314245	0.722462
-0.219077	0.80493
-0.0685445	0.800433
-0.125159	0.943759
-0.303679	0.682788
-0.371456	0.131569
-0.477943	-0.0801396
-0.657245	0.0206234
-0.639267	-0.283465
-0.576739	-0.315152
-0.669765	-0.297361
-0.81306	-0.109088
-0.652161	-0.240028
-0.260106	-0.519893
-0.196231	-0.521113
-0.50535	-0.422246
-0.0971296	-0.272391
-0.325443	-0.096667
-0.132382	-0.0904374
0.0903854	0.281102
0.358768	0.342631
0.174242	0.541413
0.273617	0.535434
0.375003	0.488019
0.237262	0.477363
0.0239057	0.514073
0.160572	0.467834
0.148898	0.559726
0.159121	0.582855
0.0579324	0.438886
-0.288589	0.275613
-0.565151	-0.0664873
-0.73739	-0.300415
-0.335339	0.465275
-0.620927	0.23212
-0.89334	0.314049
-0.832639	0.246087
-0.768803	0.384275
-0.608051	0.300223
-0.601083	0.428881
-0.105189	0.417356
-0.180897	0.235813
0.0780833	0.12779
-0.277666	0.170262
-0.649301	0.381839
-0.480193	0.251909
-0.327116	0.161854
0.0179144	-0.0306601
0.367801	0.0266444
0.367443	0.227997
0.358713	0.282689
0.378394	0.4992
0.298153	0.274585
0.368745	0.304387
0.247392	0.084787
0.378252	-0.0176433
0.221081	0.363093
0.0776537	0.467234
-0.302574	0.477833
-0.226968	0.0362594
-0.232103	0.120659
-0.0755204	0.368873
-0.126237	0.440663
-0.219441	0.148479
-0.29697	0.171596
-0.435431	-0.00281759
-0.522158	-0.0857798
-0.693689	-0.24829
-0.659239	-0.213659
-0.721328	-0.231352
-0.752223	-0.246373
-0.827661	-0.200978
-0.815777	-0.344102
-0.889668	-0.452088
-1.00812	-0.446062
-0.824293	-0.422666
-0.918505	-0.319529
-0.777336	-0.0795071
-0.740774	-0.296184
-0.804904	-0.156824
-0.806206	-0.320467
-0.990338	-0.201621
-0.814314	-0.250219
-0.480089	-0.2951
-0.667173	-0.4934
-0.585046	-0.346128
-0.349205	-0.14599
-0.333738	-0.335605
-0.430345	-0.539073
-0.368992	-0.43742
-0.406703	-0.576971
-0.97677	-0.315395
-0.517507	-0.611329
-0.435144	-0.513976
-0.349581	-0.42784
-0.190002	-0.370769
-0.150366	-0.318296
-0.14191	-0.280801
-0.190668	-0.302413
-0.254012	-0.358377
-0.357677	-0.327164
-0.438303	-0.410688
-0.448987	-0.454128
-0.517294	-0.451013
-0.597755	-0.48118
-0.672001	-0.41826
-0.79568	-0.25996
-0.772233	-0.20126
-0.652167	-0.18757
-0.79468	0.215832
-0.13347	0.589293
-0.109307	0.511857
-0.0386784	0.648831
0.0136966	0.435707
-0.0766927	0.166282
-0.0349707	0.0419293
-0.24318	-0.245865
0.277691	-0.413715
0.321189	-0.312317
0.137122	-0.222852
-0.197832	-0.2507
-0.320604	-0.104445
0.135469	0.316335
0.284286	0.517111
0.158565	0.221984
0.423261	0.0207297
0.442059	-0.0121056
0.46214	0.0830857
0.399631	0.165467
0.527925	0.132411
0.633848	-8.59303e-05
0.647336	-0.0203813
0.850063	-0.282547
0.720384	-0.168432
0.679532	-0.225845
0.574603	-0.00640872
0.426255	0.0716398
0.22727	-0.0299769
0.254811	0.131003
0.116735	0.0140743
-0.239815	0.239432
-0.240703	0.254287
-0.461805	0.197113
-0.365321	0.0488623
-0.577978	0.0736049
-0.872076	0.328948
-0.911088	0.470618
-0.78466	0.402974
-0.876206	0.555862
-0.803671	0.615295
-0.695597	0.676296
-0.657537	0.743714
-0.62359	0.76337
-0.510862	0.767509
-0.456245	0.768494
-0.388797	0.788996
-0.406433	0.814453
-0.479841	0.736172
-0.563655	0.699806
-0.66182	0.577128
-0.734907	0.288456
-0.657756	0.171733
-0.460528	-0.103347
-0.267381	-0.106997
-0.262709	-0.0724145
0.00403699	-0.065731
0.104827	-0.0396657
0.0540445	0.0691191
0.404689	0.0699536
0.397649	0.244128
0.168208	0.269325
0.539091	0.361826
0.672979	0.386861
0.648291	0.538299
0.585166	0.525527
0.170894	0.297668
-0.0371129	0.384909
-0.131352	0.0754336
-0.281073	0.115344
-0.218489	0.020675
-0.222508	-0.140439
-0.36597	-0.349262
-0.377034	-0.211987
-0.328769	-0.402099
-0.308571	-0.231271
-0.179681	-0.266979
-0.268642	-0.361972
-0.369186	-0.320592
-0.520739	-0.336686
-0.534647	-0.0588473
-0.393403	-0.22776
-0.289753	-0.394196
-0.514027	-0.467886
-0.69798	-0.288386
-0.651263	-0.255117
-0.610226	-0.217865
-0.593766	-0.0106037
-0.624798	0.314813
-0.559885	0.624369
-0.255238	0.561872
0.0617084	0.533048
0.109041	0.6009
-0.0673775	0.62797
-0.100462	0.473097
-0.411526	0.317041
-0.292048	0.0596299
-0.460776	-0.0369485
-0.672872	-0.118078
-0.15985	-0.274396
0.252064	-0.283636
-0.203947	-0.186286
-0.572124	-0.354864
-0.350016	-0.422588
-0.418225	-0.266219
0.144874	0.339457
0.183821	0.487017
0.0922435	0.575087
-0.327828	0.362442
-0.550276	0.398592
-0.628185	0.510237
-0.593344	0.457579
-0.987919	0.788316
-0.892555	0.760306
-0.656319	0.612966
-0.433663	0.294874
-0.399244	-0.0311395
-0.725864	0.00302852
-0.745659	-0.00621536
-0.788815	0.0482286
-0.711268	-0.0874237
-0.853259	0.0028473
-0.439481	0.143393
-0.395898	0.379507
-0.60163	0.134854
-0.420619	0.336506
-0.581465	0.466414
-0.532912	0.287599
-0.623045	0.509205
-0.58491	0.306324
-0.5602	0.355167
-0.556582	0.28878
-0.656079	0.150514
-0.482495	0.0867325
-0.837216	-0.0924077
-0.724081	-0.115992
-0.689791	-0.0973733
-0.708065	-0.208472
-0.639578	-0.354898
-0.96666	-0.233971
-0.597068	-0.198418
-0.742782	-0.266828
-0.736368	-0.39642
-0.725559	-0.15954
-0.918017	-0.215712
-0.62578	-0.266152
-0.698315	-0.292859
-0.679341	-0.322747
-0.697553	-0.101453
-0.97013	-0.357803
-1.06044	-0.145844
-0.763887	-0.141585
-0.638451	-0.306232
-0.809274	-0.273759
-0.752008	-0.17443
-0.45604	0.114457
0.0788972	0.391128
-0.329587	0.419589
0.0408368	0.293979
-0.147584	0.193065
-0.317958	0.0942276
-0.275142	0.0902219
-0.55287	0.139421
-0.436403	-0.11196
-0.251422	-0.18925
-0.148489	-0.285783
-0.212188	-0.125833
-0.0885686	-0.240064
-0.143061	-0.140916
-0.128395	-0.128084
-0.0184147	-0.100115
-0.117769	-0.0728715
-0.200266	0.0238091
-0.20927	0.19076
-0.433889	0.567071
-0.235227	0.558454
-0.219099	0.585001
-0.205716	0.440227
-0.305067	0.328752
-0.0404553	0.141379
-0.0365903	0.170196
-0.160721	0.131966
-0.399209	0.193555
-0.708016	0.0582222
-0.930905	0.0263842
-0.829792	-0.288561
-0.96643	-0.247691
-0.654844	-0.119104
-0.265566	0.0921909
0.0164934	0.0864684
0.0849786	0.0822508
0.272417	-0.00170269
0.300645	0.0962213
0.26752	0.0912302
-0.0165881	0.27772
-0.0332483	0.378436
-0.285292	0.254306
-0.551297	-0.00875789
-0.329709	-0.157698
-0.493479	-0.306679
-0.516837	-0.173603
-0.472043	-0.246501
-0.297494	-0.350164
-0.0672894	-0.423685
-0.257913	-0.45241
-0.218698	-0.227846
-0.350533	-0.177759
-0.507221	0.108647
-0.550167	-0.00231425
-0.600087	0.357849
-0.454104	0.440051
-0.454342	0.287229
-0.315047	0.0852657
-0.252946	0.00392676
-0.194367	-0.0456647
-0.169713	-0.150305
-0.199609	-0.197152
-0.19621	-0.297172
-0.199627	-0.310329
-0.161597	-0.357563
-0.164664	-0.350852
-0.0964983	-0.337925
-0.0104353	-0.394017
-0.0492143	-0.317029
-0.0321773	-0.276452
-0.133492	-0.273534
-0.00692612	-0.375291
0.111229	-0.469336
0.0925255	-0.496364
0.213174	-0.616349
0.227225	-0.587065
0.153308	-0.602031
0.0220234	-0.528228
0.040778	-0.559
0.039403	-0.521356
0.166422	-0.361368
0.244998	-0.105728
-0.108292	0.186659
-0.162378	0.198217
0.150592	0.1708
0.247782	-0.0439106
0.250895	-0.0521293
0.0316202	0.127527
0.300136	-0.163564
0.0937947	-0.369863
0.119208	-0.558428
0.0894722	-0.355868
-0.0803699	-0.398887
-0.385751	-0.246004
-0.369201	-0.402664
-0.522617	-0.47221
-0.532874	-0.512645
-0.463763	-0.125791
-0.612856	-0.0910868
-0.565448	0.0161193
0.0517575	0.258195
0.0400639	0.239285
0.0420688	0.124996
0.104404	-0.0850671
-0.0465085	0.0431255
-0.20709	0.198409
-0.499293	0.637108
-0.593053	0.690664
-0.549423	0.700169
-0.577557	0.712605
-0.446824	0.643095
-0.475634	0.674126
-0.43911	0.730371
-0.402354	0.763554
-0.529571	0.890424
-0.50317	0.926718
-0.459091	1.0468
-0.282523	1.00199
-0.355682	0.822638
-0.356398	0.708546
-0.294553	0.319553
-0.544051	0.144747
-0.658283	0.177661
-0.736185	0.163
-0.744596	0.210687
-0.864543	0.313702
-0.783829	0.280193
-0.81411	0.368217
-0.971047	0.463653
-0.908596	0.709948
-0.210784	0.483622
-0.00158823	0.360744
-0.305362	0.208855
-0.29455	0.229243
-0.322704	0.150374
-0.296711	0.0981166
-0.241259	-0.329612
0.233111	-0.364488
-0.153868	-0.10797
-0.518691	0.295441
-0.62992	0.0902852
-0.357157	0.248334
-0.427646	0.136324
-0.150738	0.23466
-0.339972	0.167083
-0.0408356	-0.148741
0.00368082	-0.233269
-0.257292	-0.236158
-0.502054	-0.0703393
-0.500294	-0.00506453
-0.418847	0.0315062
-0.238502	0.166927
0.151875	0.242039
0.00475216	0.0575661
-0.216094	-0.122462
-0.73618	-0.103495
-0.911855	-0.229877
-0.71136	-0.0173263
-0.30248	0.155506
-0.339087	0.132326
-0.46187	0.0744567
-0.733095	0.129166
-0.696089	0.119524
-0.454896	0.0864598
-0.350626	0.0619696
-0.295968	0.635512
-0.427285	0.708028
-0.564119	0.677375
-0.512629	0.731449
-0.544637	0.716677
-0.534831	0.67691
-0.264022	0.610377
0.0734824	0.744666
0.304727	0.867116
0.354784	0.861429
0.355195	0.917839
0.280615	0.966182
0.134211	0.829577
-0.0902674	0.582199
-0.147233	0.290575
-0.205569	0.239706
-0.248656	0.220587
-0.348731	0.255403
-0.332069	0.23842
-0.439811	0.223465
-0.841947	0.489491
-0.749847	0.693185
-0.662066	0.600697
-0.79103	0.631711
-0.873385	0.639429
-0.792706	0.578119
-0.739469	0.245504
-0.661532	-0.0674134
-0.520466	-0.32829
-0.65111	-0.274341
-0.627547	-0.28011
-0.64956	-0.265636
-0.567824	-0.288727
-0.535873	-0.198875
-0.642883	0.0754188
-0.625357	0.24053
-0.545075	0.205291
-0.380755	0.225343
-0.0501104	0.105899
0.106839	0.280874
0.0429982	0.4473
-0.0142158	0.431362
-0.115939	0.101094
-0.24369	-0.0453642
-0.281302	-0.0876342
-0.408313	-0.154364
-0.653532	0.13675
-0.952089	-0.146403
-0.805438	-0.12102
-0.706905	0.251423
-1.15441	0.270766
-0.63689	0.479512
-0.483217	0.278481
-0.149383	0.181523
-0.0339943	0.265619
0.0261768	0.314999
0.0651322	0.270596
0.0978206	0.166357
0.0487241	0.117601
0.0164865	0.25611
-0.0867892	0.120135
-0.282073	0.230893
-0.425231	0.00347845
-0.171333	-0.00862061
-0.420037	-0.0160151
-0.676893	-0.0462122
-0.734614	-0.151346
-0.884796	-0.184082
-0.648917	-0.0346969
-0.563	0.147981
-0.0632615	-0.026403
-0.00999682	-0.561667
0.122255	-0.592175
0.0310276	-0.574716
-0.129926	-0.567517
-0.368703	-0.402358
-0.348787	-0.364591
-0.197952	-0.37931
0.185225	-0.267594
0.203841	0.0133271
0.117624	0.01989
0.143604	0.0043278
-0.0714758	-0.203586
-0.0271414	-0.352018
-0.134504	-0.280739
-0.0320546	-0.528654
-0.0531623	-0.491435
-0.279236	-0.395203
-0.0849418	-0.202075
-0.0892599	-0.456068
-0.190039	-0.133839
-0.491539	-0.112228
-0.55064	-0.00920163
-0.0435942	0.17638
-0.0759562	0.0130967
0.0483345	-0.414947
-0.273016	-0.360594
-0.40589	-0.164974
-0.412719	-0.0308023
-0.0317763	0.0234597
0.340593	-0.0324464
0.464943	0.174305
0.563564	0.382855
0.42714	0.301528
-0.046388	0.198638
-0.416476	0.0459619
-0.48992	-0.118485
-0.420405	0.0808961
-0.636236	0.086108
-0.607739	-0.0555419
-0.213503	0.0353889
-0.0259092	0.522717
0.498269	0.45856
0.330074	0.545621
0.0587101	0.610653
0.0738595	0.536094
-0.211984	0.667499
-0.125103	0.545261
-0.055396	0.492269
-0.144674	0.543909
-0.122583	0.455443
-0.0755671	0.428153
-0.0983071	0.409961
-0.0667694	0.600768
-0.0229963	0.523681
0.280601	0.110796
0.374852	-0.322728
0.158586	-0.119694
0.0183473	-0.0540221
-0.22154	0.132515
-0.253576	0.318499
-0.324585	0.372474
-0.669749	0.381848
-0.857341	0.412094
-0.844079	0.292992
-0.800603	0.206854
-0.77379	0.174247
-0.772604	0.147395
-0.759238	0.124888
-0.698779	0.138187
-0.149673	0.462732
-0.2447	0.511807
-0.30744	0.324221
-0.124448	0.372402
-0.197375	0.256779
-0.360142	0.325101
-0.414285	0.388735
-0.375819	0.161844
-0.358012	0.532145
-0.23877	0.372297
-0.289319	0.342733
-0.323332	0.215525
-0.48541	0.100183
-0.398338	-0.0736097
-0.404163	-0.123901
-0.320052	-0.212714
-0.227172	-0.398996
-0.387617	-0.147868
-0.0473542	-0.21169
-0.251732	-0.322567
-0.434671	-0.173615
-0.346078	-0.213283
-0.411606	-0.29967
-0.670195	-0.0576471
-0.769656	-0.216002
-0.758517	-0.190396
-0.743697	-0.331787
-0.858511	-0.149189
-0.850373	-0.0932653
-0.621937	-0.129871
-0.664657	-0.145393
-0.605802	-0.215129
-0.73343	-0.155449
-0.304222	-0.159863
-0.218775	-0.165704
0.149025	0.174716
0.301254	-0.0457722
0.325852	-0.178278
0.376551	-0.148521
0.30221	-0.285965
0.108384	-0.10355
-0.254712	0.37717
-0.377596	0.376674
-0.390859	0.250676
-0.529214	0.389849
-0.449946	0.249947
-0.424543	-0.055747
-0.400447	-0.470551
-0.61433	-0.471438
-0.48799	-0.548114
-0.673906	-0.435598
-0.841083	-0.339147
-0.64184	-0.45286
-0.414558	-0.517183
-0.247314	-0.550932
-0.201909	-0.513675
-0.229332	-0.386394
-0.11737	-0.342197
-0.0953823	-0.171655
0.0540724	-0.0628027
-0.038399	0.108626
-0.0422904	0.171454
-0.363808	0.39839
-0.565302	0.275548
-0.587899	0.329966
-0.611888	0.221046
-0.331998	0.269773
-0.329379	0.0272284
-0.268232	0.0160776
-0.212285	-0.0261892
-0.196484	0.22083
0.138961	0.0324106
0.231837	-0.211039
-0.00341938	-0.350613
-0.248279	-0.166948
-0.360989	-0.083041
-0.439286	-0.0277072
-0.343636	-0.122203
-0.389925	-0.130614
-0.393172	-0.148544
-0.431096	-0.102342
-0.512583	0.150811
-0.55094	0.511899
-0.473685	0.780856
-0.0951902	0.29179
-0.245535	0.348213
-0.358546	0.432548
-0.251925	0.421117
-0.0257287	0.484177
0.0817481	0.394945
0.198394	0.348385
-0.0184278	0.517832
-0.278327	0.109263
-0.0262309	0.0532995
-0.230796	0.145356
-0.341474	-0.0970981
-0.430784	-0.212299
-0.22951	-0.236234
-0.278251	-0.161837
-0.494931	0.244318
-0.582615	0.302629
-0.600547	0.266461
-0.663348	-0.0920346
-0.705545	-0.15523
-0.646381	-0.198043
-0.983628	-0.203541
-0.875614	0.181921
-0.442488	0.477133
-0.285565	0.470983
-0.531796	0.692583
-0.531199	0.611185
-0.650375	0.668931
-0.621629	0.457238
-0.198468	0.506791
-0.492326	0.152381
-0.692319	0.0531754
-0.770865	0.058808
-0.83049	-0.12788
-0.701106	-0.249355
-0.705025	-0.286443
-0.711806	-0.266895
-0.660492	-0.214608
-0.657629	-0.0498063
-0.671073	-0.0129082
-0.389943	-0.196523
-0.0266953	-0.163193
0.0441342	0.0652134
-0.0601959	0.398067
-0.241236	0.540228
-0.202192	0.129919
-0.409864	0.159485
-0.553274	-0.0246185
-0.472956	0.0184362
-0.602195	-0.258666
-0.541802	-0.333832
-0.447077	-0.271892
-0.366993	-0.200765
-0.312543	-0.195519
-0.394287	-0.175593
-0.66165	-0.0537577
-0.603709	-0.0515724
-0.377974	0.0710138
-0.127742	0.144812
0.0192766	0.16359
0.0645094	0.194322
-0.208915	0.0654332
-0.416688	-0.0275571
-0.422196	-0.22533
-0.673381	-0.000489351
-0.693841	-0.0249969
-0.883137	-0.0665558
-0.717575	-0.122793
-0.605495	-0.0407601
-0.670109	-0.0255136
-0.6556	-0.117383
-0.567487	-0.176605
-0.373493	-0.217924
-0.500186	-0.020293
-0.82277	0.400731
-0.919871	0.418369
-0.858664	0.371835
-0.901474	0.403591
-0.656461	0.120459
-0.460515	-0.151581
-0.303828	-0.3443
-0.494939	-0.368211
-0.62651	-0.405663
-0.732609	-0.367908
-0.782322	-0.314504
-0.845741	-0.208841
-0.910825	-0.0755005
-0.727408	-0.0686167
-0.435299	0.153965
-0.139606	-0.00137134
-0.312645	-0.0465658
-0.355484	-0.342424
-0.698127	-0.400292
-0.877076	-0.228118
-0.905622	-0.00439456
-0.483837	0.289063
-0.323727	0.54015
-0.0587193	0.515949
-0.25516	0.738925
-0.189101	0.833582
-0.218478	0.865315
-0.263836	0.834761
0.0151426	0.556347
-0.0510526	0.55416
0.017913	0.606923
0.110587	0.341339
-0.12913	0.275964
-0.0801012	0.478396
-0.0312166	0.386641
-0.0534808	0.394294
-0.032951	0.480718
-0.188564	0.498513
-0.500623	0.367177
-0.769193	0.132432
-0.534464	0.074037
-0.607352	-0.0314581
-0.802209	-0.0305296
-0.55466	-0.22972
-0.437737	-0.305739
-0.331753	-0.390663
-0.0754903	-0.377814
0.0717778	-0.26616
-0.0701037	0.0546023
-0.287157	0.183931
-0.793512	0.178613
-0.641882	-0.00510671
-0.457605	-0.0981202
-0.524877	-0.105648
-0.510067	-0.193077
-0.640805	-0.158256
-0.63209	-0.239373
-0.898923	-0.218019
-0.627089	-0.330739
-0.278337	-0.241776
0.0805346	0.00874766
0.266884	0.0214833
0.357877	-0.0659508
0.127225	0.165581
-0.358075	0.577056
-0.410336	0.578588
-0.502191	0.614014
-0.525601	0.58384
-0.591608	0.593391
-0.512828	0.470513
-0.659031	0.61779
-0.560752	0.524932
-0.56475	0.510333
-0.591368	0.57685
-0.661271	0.711623
-0.651167	0.600176
-0.460495	0.330353
-0.38571	-0.0871157
-0.363748	-0.249791
-0.457317	-0.274487
-0.689093	-0.135316
-0.72544	-0.169628
-0.743696	-0.131725
-0.432581	-0.300369
-0.513895	-0.00750467
-0.454218	0.183182
-0.494104	0.530871
-0.660914	0.525094
-0.877703	0.556891
-0.839803	0.525408
-0.66961	0.417246
-0.427026	0.22236
-0.411599	0.19136
-0.408025	0.16411
-0.0248307	-0.140784
0.283047	-0.121098
0.222105	0.234725
0.444256	0.0137075
0.170174	-0.0546392
0.201607	-0.302242
0.374124	-0.471136
0.121811	-0.511567
-0.162348	-0.406752
-0.0540215	-0.709635
0.169237	-0.442098
-0.0995175	-0.41357
-0.432048	-0.18788
0.134798	-0.0751035
0.18283	-0.0702272
0.0989316	-0.0525735
-0.0645786	-0.130868
-0.318328	-0.177769
-0.186935	-0.237956
-0.107203	-0.0713226
-0.0343089	0.310077
-0.403165	0.457437
-0.795679	0.0124613
-0.64083	0.0273941
-0.00942903	0.125834
0.204678	0.376881
-0.292784	0.183754
-0.461311	-0.0375621
-0.558737	-0.0707084
-0.583766	-0.181131
-0.608291	-0.26524
-0.760556	-0.268928
-0.963326	-0.275041
-0.956671	-0.335697
-0.956657	-0.312289
-0.925805	-0.345728
-0.903887	-0.35949
-1.03307	-0.220564
-1.06558	-0.0699862
-0.590611	-0.144406
-0.673516	-0.151513
-0.28587	0.099739
-0.729688	0.193304
-0.25432	0.252215
-0.65496	0.392866
-0.228928	0.31797
-0.489246	0.455247
-0.202033	0.398164
-0.11838	0.487783
-0.203199	0.341864
-0.13463	0.382661
-0.203934	0.274512
-0.336482	0.0584991
-0.497874	-0.0539551
-0.566665	0.0983507
-0.68352	-0.225933
-1.21856	-0.662388
-0.919565	-0.364268
-0.765539	-0.207434
-0.690247	-0.290231
-0.738508	-0.249045
-0.705545	-0.188604
-0.715226	-0.290261
-0.795797	-0.21183
-0.714317	-0.130193
-0.780297	-0.314192
-0.742592	-0.303862
-0.705696	-0.235131
-0.774385	-0.466476
-0.710139	-0.160937
-0.594363	-0.352035
-0.648418	-0.193257
-0.815469	-0.103445
-0.862133	-0.272973
-0.703899	-0.439835
-0.685058	-0.326206
-0.371916	0.00848956
0.34175	0.445347
0.0870529	0.524615
-0.0799532	0.65005
-0.138151	0.773366
-0.121399	0.71387
-0.349529	0.680421
-0.283448	0.795636
-0.302147	0.78651
-0.286791	0.776324
-0.286406	0.763466
-0.357422	0.7832
-0.307387	0.737764
-0.23275	0.664609
-0.258085	0.732653
-0.246816	0.72607
-0.292199	0.683478
-0.257148	0.355655
0.0140782	0.355883
0.195326	0.176763
0.35828	-0.0193537
0.463363	-0.281291
0.582858	-0.108935
0.312911	-0.0157173
-0.0578815	-0.0458108
-0.299079	-0.207993
-0.143905	-0.415539
-0.413432	-0.338628
-0.290061	-0.598186
-0.547069	-0.342543
-0.566551	-0.375984
-0.520052	-0.255451
-0.636198	-0.0515415
-0.788777	0.227519
-0.729925	-0.0969144
-0.566543	-0.433359
-0.852524	-0.313719
-0.969459	-0.178745
-0.903359	-0.10461
-0.828651	0.0845008
-0.637826	0.307439
-0.418234	0.555163
-0.171362	0.69322
-0.0121869	0.808895
0.0225166	0.17236
-0.00781889	0.128343
-0.0191554	0.292422
-0.0653493	0.274732
0.058206	0.458929
0.00853288	0.366953
-0.102707	0.412372
-0.0105716	0.552396
-0.126161	0.494922
-0.454711	0.0964272
-0.728217	0.235757
-0.587202	-0.141847
-0.759826	-0.12778
-0.775109	-0.216901
-0.747705	-0.231646
-0.726855	0.0402733
-0.723109	0.108261
-0.661214	0.0770043
-0.635722	-0.0403699
-0.684318	-0.212709
-0.651872	-0.2517
-0.657503	-0.204736
-0.718702	-0.0666669
-0.536606	-0.064975
-0.320244	-0.0371199
-0.307467	-0.0232215
-0.355627	0.128056
-0.340652	-0.0353158
-0.224775	-0.342367
-0.00287034	-0.334632
-0.311874	-0.297779
-0.258871	-0.244408
-0.396026	-0.230077
-0.147461	0.0400374
-0.0399065	0.469561
-0.409979	0.443677
-0.271279	0.0398706
-0.399261	0.172263
-0.436874	0.184119
-0.318415	0.23778
-0.445111	0.472557
-0.251891	0.34995
-0.0239698	0.0382529
-0.00459703	-0.109925
-0.0837879	-0.0979834
-0.296568	0.457238
-0.606049	0.802875
-0.544032	0.738604
-0.690085	0.732066
-0.90351	0.784295
-0.964244	0.703948
-0.612044	0.398351
-0.318528	0.0776779
-0.62881	-0.260485
-0.463375	-0.389112
-0.516178	-0.374841
-0.537212	-0.358466
-0.542762	-0.157059
-0.266329	-0.208296
-0.0194078	0.177209
-0.010251	-0.118675
0.0440665	-0.370685
-0.0330085	-0.512611
-0.0486393	-0.504067
-0.19337	-0.410394
-0.3378	-0.333158
-0.505575	-0.140232
-0.365805	0.0101033
-0.56505	0.136336
-0.648026	-0.0940113
-0.448812	0.234579
-0.385848	0.118376
-0.337847	-0.167811
-0.492768	-0.187837
-0.497326	-0.109247
-0.588056	-0.0406308
-0.40141	-0.210883
-0.45169	-0.160481
-0.472344	-0.176702
-0.467705	-0.234298
-0.553955	-0.261431
-0.73647	-0.203371
-0.720374	-0.28387
-0.5861	-0.349059
-0.429054	-0.437089
-0.196341	-0.470856
-0.235978	-0.133384
-0.411724	0.147073
-0.911752	0.671097
-1.10304	0.517509
-1.02663	0.386663
-0.486567	0.359448
-0.0865413	0.188379
-0.261719	0.202706
-0.125557	0.0451999
-0.0664788	0.219293
-0.292446	0.285799
-0.414297	0.434183
-0.246399	0.418286
-0.30046	0.331512
-0.23285	0.437985
-0.103003	0.454361
-0.385965	0.493997
-0.227787	0.486268
-0.183962	0.760236
-0.237517	0.632571
-0.327074	0.644673
-0.282607	0.804202
-0.333348	0.825446
0.0166914	0.77887
-0.143486	1.0246
-0.128398	0.984759
-0.135515	1.03575
-0.0861239	0.960927
-0.192858	0.850621
-0.340978	0.803927
-0.342062	0.633546
-0.265195	0.359412
-0.515523	0.305446
-0.690181	0.341925
-0.804125	0.326979
-0.601127	0.262127
-0.757981	0.259046
-0.569856	0.497169
-0.621287	0.23279
-0.491636	0.189742
-0.475841	0.225715
-0.537257	0.106584
-0.558255	0.0453601
-0.843471	0.180618
-0.735171	-0.0628335
-0.678611	-0.208402
-0.61916	-0.419245
-0.663809	-0.250344
-0.645037	-0.316298
-0.715281	-0.305449
-0.859338	-0.126661
-0.550177	-0.297949
-0.740875	-0.200327
-0.746812	-0.144803
-0.781627	-0.230792
-0.740049	-0.159683
-0.614025	-0.307315
-0.868963	-0.251299
-0.814566	-0.179091
-0.878089	-0.188337
-0.843031	-0.201154
-0.996893	-0.26664
-0.787262	-0.296487
-0.733693	-0.351174
-0.864362	-0.258146
-0.844154	-0.354467
-0.710048	-0.218059
-0.349106	0.293279
-0.502859	0.212339
-0.562508	0.175028
-0.318138	0.339376
-0.285127	0.476895
-0.359878	0.146059
-0.42722	0.344188
-0.287191	0.68766
-0.107269	0.526269
0.333037	0.135474
0.0125086	0.222618
-0.0862047	0.0387568
-0.146907	-0.0795077
-0.142627	-0.268185
-0.353605	-0.0648411
-0.435343	-0.0255981
-0.503378	0.0420275
-0.37265	0.104159
-0.0488096	0.241829
-0.179576	0.401275
-0.218387	0.30629
-0.299874	0.370854
-0.251748	0.340522
-0.540237	0.510955
-0.642028	0.707657
-0.555602	0.672614
-0.341224	0.666396
-0.0487174	0.520342
-0.0218715	0.486571
-0.128424	0.524797
0.0627676	0.401555
-0.014571	0.423879
0.216181	0.458879
0.396864	0.263556
0.164001	0.400135
0.220979	0.479979
-0.430888	0.86217
-0.642599	1.03046
-0.764314	0.984493
-1.04537	0.869948
-1.06657	0.708655
-0.809674	0.323307
-0.63827	0.0782627
-0.522035	-0.0712421
-0.466188	-0.128139
-0.375716	-0.137785
-0.21672	-0.24144
-0.168729	-0.23961
-0.026049	-0.257459
0.052651	-0.345708
0.145709	-0.263339
0.0835531	-0.0193816
-0.155825	0.238272
-0.19996	0.116573
-0.312763	-0.173217
-0.295733	0.0575156
-0.150367	0.292656
0.0507921	-0.275439
0.100426	-0.250076
0.0251476	-0.245627
-0.0375409	-0.176475
-0.0981639	-0.0540229
-0.121503	0.0246216
-0.22627	0.211893
-0.350138	0.466375
-0.488814	0.635756
-0.268308	0.556647
-0.189939	0.699764
-0.0405299	0.683298
-0.0365338	0.676787
-0.0150422	0.687673
0.0828178	0.431799
0.0272701	0.185983
-0.418074	0.216293
-0.443639	-0.0449631
-1.12898	-0.0989151
-0.813839	-0.0105145
-0.476218	0.288048
-0.59028	0.30475
-0.393974	0.172779
-0.217778	0.115258
-0.342457	-0.0850462
-0.354563	-0.144288
-0.317957	0.0190648
-0.253532	0.465678
-0.331744	0.365198
-0.480463	0.357531
-0.531932	0.405407
-0.653696	0.48034
-0.63932	0.416734
-0.717939	0.401972
-0.712381	0.225308
-0.538251	-0.351492
-0.422518	-0.45859
-0.47739	-0.374657
-0.618916	-0.123579
-0.517726	-0.116057
-0.428602	-0.0110503
-0.343338	0.163341
-0.314877	0.320279
-0.215486	0.447031
-0.135805	0.697769
-0.315296	0.875121
-0.234251	0.886707
-0.187676	0.897904
-0.16596	0.882893
-0.146385	0.876249
-0.129091	0.905566
-0.193961	0.815635
-0.220046	0.798452
-0.272095	0.724809
-0.455757	0.646927
-0.687736	0.555986
-0.735303	0.343601
-0.785833	0.157994
-0.846499	0.0321285
-0.830864	-0.077639
-0.678342	-0.202862
-0.64168	-0.0296524
-0.533162	0.225723
-0.265618	0.22733
-0.0985319	0.345965
-0.236036	0.505009
-0.175865	0.646845
-0.287812	0.503112
-0.0421283	0.482864
-0.128168	0.487237
-0.237267	0.364729
-0.292501	0.180783
-0.503298	0.18438
-0.663399	0.00836643
-0.690617	-0.149265
-0.615563	-0.20458
-0.761147	-0.306823
-0.656343	0.0182045
-0.389769	0.218709
-0.355846	-0.3582
-0.395604	-0.381571
-0.712448	-0.278581
-0.870752	-0.250197
-0.742831	-0.299712
-0.809425	-0.169013
-0.850098	-0.0423258
-0.532183	-0.113957
-0.227562	-0.111228
-0.538081	-0.336198
-0.455404	-0.396634
-0.434804	-0.194083
-0.557278	-0.0795073
-0.615056	-0.0935851
-0.499907	-0.120681
0.238194	-0.570669
0.390409	-0.772817
0.134346	-0.408069
-0.453403	-0.00184573
-0.577793	0.39369
-0.441815	0.337537
-0.800911	0.066972
-0.565074	0.000944326
-0.44091	-0.0671045
-0.671889	-0.2077
-0.905608	-0.266857
-0.616504	-0.217782
-0.556819	-0.299161
-0.155115	0.151117
0.0646719	0.498084
0.200621	0.548345
0.12581	0.55645
0.0987195	0.551181
0.24609	0.573761
0.250485	0.499018
0.382128	0.192482
0.0657676	-0.0824905
-0.0108876	-0.238142
0.108959	-0.467468
0.0232949	-0.308172
0.0118151	-0.290844
-0.0437671	-0.283869
-0.0865274	-0.299816
-0.121468	-0.126025
-0.481667	0.0356582
-0.38417	0.507054
-0.363905	0.665009
-0.225803	0.713181
-0.253179	0.748988
-0.304078	0.843559
-0.460332	0.912853
-0.510328	0.658529
-0.68876	0.770915
-0.701038	0.568443
-0.695909	0.435203
-0.0464346	0.258132
-0.089859	0.338658
-0.00435465	0.165318
0.134688	0.195355
0.0736754	0.187243
0.0322035	0.401244
0.0150308	0.305851
-0.143703	0.464858
-0.31788	0.161589
-0.499417	0.190582
-0.967788	0.41565
-0.752123	0.383241
-0.704461	0.40065
-0.573084	0.374364
-0.372647	0.368926
-0.212358	0.433443
-0.152349	0.539705
-0.0682776	0.0649427
-0.297631	-0.137169
-0.362786	-0.308284
-0.170176	-0.000352217
-0.202568	-0.168886
-0.10496	-0.404984
-0.191013	-0.187773
-0.241904	-0.123889
-0.21231	-0.0309281
-0.12982	0.0440297
-0.148962	0.0668244
-0.171476	0.0407878
-0.202519	0.196381
-0.327769	0.213388
-0.0835243	-0.12959
-0.3521	-0.388411
-0.268141	-0.320728
-0.186123	-0.467843
-0.399062	-0.246252
0.0714673	-0.384528
-0.0122302	-0.353225
-0.168121	-0.229221
0.00911115	-0.250892
-0.00936062	-0.204274
0.049999	-0.176306
0.0781659	-0.473369
0.158542	-0.301647
0.150874	-0.365913
0.0585388	-0.471017
0.0350598	-0.60285
-0.00321195	-0.419715
-0.220182	-0.424441
-0.393037	-0.368079
-0.513451	-0.41418
-0.75164	-0.111177
-0.625987	-0.164717
-0.626483	-0.177765
-0.706753	-0.327642
-0.81752	0.0111589
-0.639785	-0.077693
-0.758301	0.0120348
-0.714159	-0.187788
-0.725341	-0.164303
-0.784241	-0.168772
-0.776889	-0.245433
-1.03306	-0.324907
-0.890147	-0.523856
-0.901645	-0.522644
-0.822734	-0.341393
-0.969278	-0.387853
-0.895458	-0.229864
-1.04262	-0.301688
-1.08676	-0.380612
-0.932738	-0.202244
-1.02844	-0.35679
-0.940509	-0.422165
-0.872482	-0.262623
-1.03002	-0.199274
-0.809619	-0.00678786
-1.05961	-0.355624
-0.935542	-0.289906
-0.388645	-0.134196
-0.628084	-0.0337509
-0.163583	0.0786947
-0.223067	0.186924
-0.340764	0.103562
-0.459021	-0.105462
-0.475046	-0.110263
0.542384	0.860551
0.53564	0.853321
0.39229	0.935104
0.53316	0.940948
0.286193	0.906002
0.377196	0.899435
0.400814	0.923
0.348413	0.889472
0.259488	0.966846
0.41978	0.880016
-0.240345	0.562298
-0.199639	0.188106
-0.51009	-0.0705896
-0.607756	0.057389
-0.537573	-0.0554256
-0.489648	0.0237693
-0.800585	0.215481
-0.499186	0.22046
0.208004	0.666282
-0.264328	0.955529
-0.327014	0.689658
-0.343753	0.492094
-0.527885	0.431595
-0.580449	0.31084
-0.774834	0.411073
-0.838403	0.485114
-0.858289	0.618233
-0.689318	0.688882
-0.504055	0.776525
-0.209179	0.910961
0.122114	0.992206
0.363247	0.891289
-0.0662035	0.742577
-0.223058	0.500498
-0.175787	0.604072
-0.0814114	0.675712
-0.11536	0.686174
0.00505916	0.775896
0.0548456	0.855047
-0.0134066	0.843764
-0.262493	0.581097
-0.414236	0.311885
-0.57399	0.213248
-0.441082	0.0147229
-0.670249	0.0564334
-0.484649	-0.132119
-0.446086	-0.21764
-0.353536	-0.234211
-0.14835	-0.136964
-0.264674	0.27447
-0.508372	0.684621
-0.229821	0.375467
0.0589358	0.219055
-0.340139	0.118189
-0.545818	-0.193882
-0.523221	-0.225004
-0.51569	-0.160702
-0.628309	-0.175058
-0.738061	-0.0967656
-0.721682	-0.132346
-0.692305	-0.0507057
-0.514956	0.0188066
-0.411616	-0.0609928
-0.406562	-0.169578
-0.518231	-0.414086
-0.696646	-0.26866
-0.731486	-0.145217
-0.535888	-0.0927156
-0.276216	0.0555992
-0.186443	0.363559
-0.354936	0.663846
-0.274452	0.635785
-0.281858	0.604885
-0.590312	0.674174
-0.728614	0.651483
-0.630293	0.491849
-0.653693	0.529219
-0.87171	0.534426
-0.858216	0.478005
-0.821296	0.443877
-0.584153	0.210302
-0.658487	0.126901
-0.707779	0.349657
-0.659713	0.555125
-0.538259	0.727133
-0.392762	0.786293
-0.323205	0.656355
-0.298373	0.580697
-0.291291	0.518444
0.0659909	0.388389
0.131662	0.314863
0.237849	0.36055
0.282765	0.248315
0.250661	0.229931
0.357573	0.242602
0.279949	-0.0751212
0.0725329	-0.215482
-0.16472	-0.421892
-0.213082	-0.28119
-0.068983	-0.103097
0.137774	0.28055
-0.0801384	-0.190378
-0.089562	-0.292599
-0.146494	-0.367727
-0.347669	-0.23122
-0.505223	-0.00636311
-0.745012	0.360305
-0.719452	0.428816
-0.749225	0.485945
-0.763217	0.472034
-0.834946	0.456022
-0.967796	0.488278
-1.00252	0.40025
-0.924194	0.22291
-0.967999	0.179274
-1.03526	0.0539142
-0.923229	-0.0695964
-0.483696	-0.0197148
-0.0666576	0.0563963
0.192366	0.2438
0.282591	-0.0133487
0.241464	-0.314783
0.16046	-0.536809
-0.0147976	-0.346452
-0.403674	-0.55055
-0.468223	-0.459911
-0.571816	-0.188397
-0.571506	-0.112888
-0.367503	-0.472176
-0.493635	-0.341702
-0.244378	-0.187711
-0.0873893	-0.476094
-0.367562	-0.56884
-0.517335	-0.223647
-0.561605	0.0131102
-0.798414	0.278609
-0.892448	0.313968
-0.815285	0.348254
-0.699285	0.273659
-0.652044	0.302116
-0.493169	0.379607
-0.186976	0.307166
0.0210758	0.344021
-0.0144359	0.28889
-0.256659	0.33143
-0.267064	-0.0516727
-0.653217	0.0634499
-0.778518	-0.0792707
-0.901742	-0.128384
-0.434781	-0.131061
-0.436497	-0.108419
-0.849414	0.363595
-0.44603	0.355886
-0.345074	0.644459
-0.49525	0.346332
-0.490572	0.359108
-0.58283	0.263306
-0.717756	0.224112
-0.791182	0.228754
-0.850676	0.26636
-0.815675	0.340827
-0.714188	0.314624
-0.705807	0.245228
-0.744223	0.322154
-0.680274	0.336968
-0.739363	0.352474
-0.513599	0.192504
-0.189055	0.290431
-0.17936	0.257124
-0.302242	0.2142
-0.172861	0.28531
-0.228676	0.142723
-0.369359	0.292605
-0.293221	0.462652
-0.255542	0.935501
0.298804	0.893725
0.390981	0.880807
0.227859	0.82883
0.242053	0.650554
0.273899	0.785709
0.245197	0.813773
0.1867	0.410915
0.129294	0.451614
0.213892	0.181431
0.126324	-0.0063518
-0.0654214	-0.0062536
0.193602	-0.15787
0.341233	-0.172316
0.274329	-0.311659
-0.00482397	-0.140996
-0.0805718	-0.0944251
-0.288022	-0.0914028
-0.244968	-0.285088
-0.144263	-0.130863
-0.174468	-0.136797
0.0473871	-0.237626
0.0942788	-0.269982
-0.00237868	-0.295213
-0.106447	-0.0287064
-0.22954	-0.0895278
-0.157919	-0.200513
-0.513877	-0.152574
-0.232739	-0.20554
-0.478352	-0.169447
-0.456896	-0.223318
-0.718396	-0.219227
-0.649921	-0.276292
-0.681115	-0.176918
-0.499054	-0.0391448
-0.551046	0.0151644
-0.645965	-0.279812
-0.798069	-0.269412
-0.620886	-0.0898697
-0.700349	-0.185173
-0.591699	-0.210253
-0.823977	-0.218041
-0.772927	-0.266465
-0.715948	-0.411789
-0.907659	-0.491863
-0.898051	-0.411701
-0.753495	-0.322961
-0.496659	-0.344545
-0.342643	-0.419124
-0.338724	-0.333047
-0.265029	-0.214246
-0.388365	-0.346003
-0.44361	-0.174483
-0.457306	-0.212088
-0.288276	-0.103825
-0.216431	0.105582
-0.328307	0.765605
-0.433693	0.769174
-0.52527	0.867549
-0.445537	0.890292
-0.369148	0.909257
-0.43893	0.921995
-0.07175	0.724589
0.0200246	0.568147
0.0565127	0.584024
-0.114032	0.0825297
-0.212949	-0.0109683
-0.309468	-0.103572
-0.278497	-0.226254
-0.433982	-0.0661077
-0.401772	-0.138145
-0.543079	-0.346513
-0.959625	-0.343879
-0.46268	-0.173332
-0.520415	0.108961
-0.546872	-0.0387825
-0.696485	-0.186534
-0.870143	-0.208403
-0.994123	-0.185675
-0.86578	-0.348789
-0.917932	-0.356239
-0.906607	-0.37975
-0.932416	-0.399153
-1.01867	-0.368105
-1.07672	-0.301743
-1.12716	-0.253883
-1.11273	-0.265379
-1.10136	-0.216178
-1.05427	-0.184588
-0.966824	-0.0813924
-0.836697	0.0381474
-0.652237	0.0648914
-0.618124	0.138248
-0.681435	0.414472
-0.489202	0.426321
-0.268281	0.313785
-0.20917	0.220561
-0.214943	0.343101
-0.0691764	0.348743
0.148514	0.167152
0.14417	0.349689
-0.113042	0.408297
-0.273175	0.343329
-0.113092	-0.123545
0.0246814	-0.274706
0.0855513	-0.123081
0.0877359	-0.329829
0.192976	-0.324858
0.0354225	-0.27047
-0.309475	-0.0828993
-0.338299	0.10378
-0.545216	-0.175033
-0.369063	-0.0580847
-0.323406	0.334973
-0.481922	-0.0777226
-0.615884	-0.282726
-0.553322	-0.305121
-0.61489	-0.246439
-0.666361	-0.243001
-0.981489	-0.125886
-0.885386	-0.293824
-0.7445	-0.339549
-0.776305	-0.293987
-0.533201	-0.0278601
-0.674116	0.157575
0.0355854	0.0931977
-0.111144	0.3424
-0.169673	0.49656
-0.0588246	0.38326
-0.0620939	0.379688
-0.390112	0.540629
-0.73557	0.663308
-0.578549	0.652865
-0.624608	0.690505
-0.559969	0.620728
-0.568244	0.61186
-0.391586	0.45146
-0.425936	0.362715
-0.456134	0.450321
-0.497319	0.355227
-0.722567	0.523163
-0.577415	0.437904
-0.680952	0.369023
-0.842076	0.437719
-0.805402	0.424999
-0.728284	0.150408
-0.726493	0.134212
-0.715911	0.173165
-0.728688	0.216819
-0.690966	0.245385
-0.725865	0.280422
-0.712356	0.328857
-0.672484	0.323175
-0.710173	0.331585
-0.711277	0.332084
-0.674954	0.313053
-0.724672	0.337857
-0.718108	0.358024
-0.677191	0.281994
-0.26358	0.0969787
-0.00431833	0.119965
-0.152109	0.522692
0.0501274	0.208971
0.0822864	-0.0016966
-0.125348	-0.0897329
-0.326543	-0.10403
-0.352724	-0.0749222
-0.261471	-0.286031
-0.365448	-0.353755
-0.326327	-0.258352
-0.418919	-0.381633
-0.466999	-0.443074
-0.537107	-0.358353
-0.183474	-0.246758
-0.0796635	-0.0984126
-0.730383	-0.269437
-1.09743	-0.172822
-0.749554	-0.278063
-0.853178	-0.203451
-0.729513	-0.26659
-0.696068	-0.254888
-0.632339	-0.295296
-0.770235	-0.369854
-0.835721	-0.277974
-0.781736	0.402708
-0.793611	0.745423
-0.828297	0.220411
-0.487257	0.385265
-0.169484	0.505443
-0.534919	0.360835
-0.283167	0.138022
0.116203	0.221725
0.31409	0.306484
0.26818	0.299168
0.12809	0.147228
0.100002	0.251927
0.265592	0.205706
0.351445	0.247358
0.479025	0.322738
0.29651	0.269914
0.228971	0.306144
-0.0971121	0.27676
-0.309161	0.440296
-0.429874	0.648767
-0.372675	0.717333
-0.293624	0.760989
-0.289302	0.629184
-0.147785	0.500833
-0.0766936	0.514479
0.004285	0.344799
0.0225797	0.174634
-0.0800283	0.417515
-0.0869879	0.198478
-0.193605	0.321683
-0.101532	0.215817
-0.142556	0.336471
-0.0937834	0.408192
-0.35808	0.296799
-0.571445	0.147731
-0.519963	0.298152
-0.336168	0.574089
-0.218981	0.81649
-0.213767	0.927284
-0.186246	0.963231
-0.0641673	0.974318
-0.0638151	0.98938
-0.129696	0.977281
-0.100885	0.973745
-0.0308937	0.978669
-0.0276921	1.01996
-0.0364164	0.97719
-0.106451	0.936413
-0.168071	0.846784
-0.269073	0.774331
-0.379795	0.723194
-0.473652	0.58879
-0.539418	0.408835
-0.502094	0.270207
-0.481197	0.143634
-0.570374	0.0819267
-0.692584	0.0711506
-0.37118	-0.0201176
-0.511754	-0.00919195
-0.448261	-0.040078
-0.49996	-0.156712
-0.511432	0.0374373
-0.340682	0.113045
-0.399147	0.0508337
-0.285731	0.190202
-0.394374	-0.141094
-0.669694	0.0242316
-0.752669	-0.228138
-0.583105	-0.350931
-0.552685	-0.279736
-0.431805	-0.274553
-0.462978	-0.321774
-0.445865	-0.280912
-0.448309	-0.377846
-0.359211	-0.0832488
-0.0781171	-0.0150504
-0.152858	-0.370147
-0.147288	-0.542756
-0.241625	-0.580258
-0.433743	-0.713297
-0.507507	-0.586915
-0.647232	-0.287488
-0.548927	-0.245235
-0.636735	-0.280898
-0.599134	-0.419282
-0.621299	-0.289664
-0.622168	-0.257102
-0.681303	-0.17238
-0.792255	-0.200044
-0.781936	-0.142791
-1.09211	-0.17882
-1.05562	-0.0187773
-0.755619	-0.119487
-0.963397	-0.0741417
-0.949132	-0.096891
-0.929237	0.030961
-0.970084	0.0680989
-1.11499	0.0513545
-0.657138	0.509566
-0.689455	0.326564
-0.704777	0.277637
-0.53197	0.313182
-0.556975	0.397352
-0.519977	0.479934
-0.4981	0.608402
-0.486038	0.720346
-0.368273	0.685577
-0.311169	0.627859
-0.413557	0.648321
-0.549853	0.57706
-0.629788	0.499967
-0.730502	0.393154
-0.768352	0.31374
-0.770437	0.243651
-0.621819	0.123266
-0.544995	0.100886
-0.726545	0.507369
-0.453673	0.439351
-0.463398	0.505568
-0.424452	0.585662
-0.269497	0.446043
-0.251499	0.515909
-0.181789	0.0490576
-0.49501	-0.174179
-0.744109	-0.240717
-0.879423	-0.160104
-0.822756	-0.205936
-0.624074	-0.0949372
-0.690555	-0.128573
-0.88046	-0.0549204
-0.951741	-0.0894566
-0.963685	-0.133092
-0.900907	-0.18422
-0.838268	-0.236855
-0.845	-0.254271
-0.810275	-0.219005
-0.780665	0.303372
-0.581028	0.537581
-0.25801	0.414647
-0.211713	0.474197
-0.0533189	0.51933
0.0385085	0.51705
-0.182192	0.525706
0.0377596	0.215378
-0.228474	-0.0344426
-0.0175511	-0.239434
-0.291817	-0.0904089
-0.535423	-0.0011799
-0.237164	-0.136863
-0.371136	-0.141819
-0.319448	-0.202249
-0.647436	-0.146323
-0.679229	0.0618935
-0.549156	0.0510158
-0.612305	-0.194276
-0.492691	-0.402129
-0.699976	-0.294841
-0.727789	-0.325109
-0.695258	-0.349834
-0.632809	-0.365791
-0.601413	-0.323943
-0.540301	-0.24438
-0.395327	-0.216607
-0.287709	-0.0520319
-0.10289	-0.118373
-0.276414	-0.139313
-0.458128	0.00439771
-0.418188	-0.407979
-0.534718	-0.311033
-0.475955	-0.397481
-0.396165	0.0201587
-0.199351	-0.0617025
-0.183179	-0.302918
-0.436666	-0.241185
-0.498258	-0.344954
-0.494289	-0.271673
-0.561994	-0.175223
-0.554428	-0.14883
-0.511803	0.0198763
-0.148253	0.133557
0.122851	0.0920713
0.00451176	0.0763817
-0.171665	0.140446
0.100053	-0.00265675
0.0170007	-0.080538
0.43907	-0.216463
0.436006	0.142375
0.433038	0.12129
0.320823	0.217695
0.172387	0.133838
-0.20993	0.193725
-0.261852	0.121085
-0.224268	0.0892729
-0.184412	0.080984
-0.49793	0.311073
-0.772314	0.35446
-0.718063	0.378629
-0.85709	0.521013
-0.914832	0.582141
-0.861641	0.544669
-0.588895	0.193733
-0.320299	-0.204542
-0.466037	-0.301153
-0.424298	-0.265003
-0.577851	-0.100797
-0.456061	-0.0196626
-0.656951	0.723513
-0.609253	0.730548
-0.546529	0.861993
-0.466105	0.727004
-0.0944136	0.814808
0.0924266	0.508238
-0.0187727	0.19733
-0.36935	0.105013
-0.324291	-0.218753
-0.626145	-0.110251
-0.574173	-0.137005
-0.240084	-0.208659
0.148387	0.02514
-0.0729736	-0.0422035
0.0316882	-0.191182
-0.0562478	-0.0636021
0.0622668	-0.0565853
0.147852	-0.0195998
0.284696	-0.0556993
-0.143569	0.210649
-0.389576	0.206598
-0.504703	0.0150802
-0.698879	-0.0839645
-0.62423	-0.203199
-0.827063	-0.278516
-0.673475	-0.0653535
0.0313109	-0.113716
-0.276299	0.0339997
-0.238651	-0.246913
-0.288308	-0.277877
-0.170553	-0.363964
-0.223266	-0.147834
-0.496984	0.148977
-0.533469	0.217578
-0.52277	0.249546
-0.492731	0.235235
-0.516199	0.172388
-0.52041	0.27978
-0.554282	0.289717
-0.442567	0.232661
-0.307331	0.27563
-0.219829	0.256846
-0.264515	0.224617
-0.211261	0.0103806
-0.0879512	0.389954
-0.184986	0.612329
-0.274415	0.702825
-0.396432	0.791653
-0.382734	0.668694
-0.0800887	0.984022
-0.0928829	1.07226
-0.126222	1.09505
-0.21532	1.21028
0.0135242	1.01477
-0.071655	0.947356
-0.110716	1.04812
-0.205261	1.04058
-0.321333	1.12736
-0.333799	0.976385
-0.340193	0.827323
-0.520649	0.622925
-0.282677	0.631565
-0.405798	0.352643
-0.325692	0.0983976
-0.463502	-0.150213
-0.424458	-0.160651
-0.506437	-0.277746
-0.412727	-0.309946
-0.338372	-0.3691
-0.49118	-0.417527
-0.450942	-0.265311
-0.564669	-0.363644
-0.612486	-0.320014
-0.540232	-0.246828
-0.804692	-0.586006
-0.718351	-0.460761
-0.685278	-0.403754
-0.775649	-0.366841
-0.850198	-0.0681626
-0.731132	-0.382335
-0.812467	-0.373662
-0.821344	-0.400311
-0.792039	-0.317472
-0.819168	-0.140956
-0.950635	-0.356465
-0.852086	-0.332249
-0.737688	-0.359551
-0.83559	-0.0967896
-1.07471	0.0321063
-0.879525	-0.284995
-0.738227	-0.377034
-0.797786	-0.367188
-0.722017	-0.332529
-0.663571	-0.186693
-0.742039	-0.182792
-0.748514	-0.208109
-0.762062	-0.284279
-0.543107	-0.199159
-0.863471	-0.16973
-0.604715	-0.0933848
-0.250455	0.101609
0.055385	0.291754
-0.263735	0.222224
-0.559435	0.291152
-0.758614	0.349455
-0.447808	0.365433
-0.565217	0.0757035
-0.795531	-0.0691615
-0.677886	-0.123032
-0.524847	-0.230448
-0.387118	-0.249262
-0.341506	-0.187066
-0.15463	-0.0600078
-0.0701706	0.106862
0.259554	0.182141
0.0486455	-0.0615287
0.20592	-0.39525
-0.0172593	-0.532842
-0.332174	-0.503021
-0.330813	-0.605037
-0.430236	-0.397649
-0.350128	-0.379336
-0.174902	-0.0810772
-0.292287	-0.143268
-0.306716	-0.257871
-0.375973	-0.19747
-0.603572	-0.0924938
-0.729046	-0.177282
-0.736698	-0.178168
-0.390567	-0.22242
-0.3894	0.0587529
-0.216059	0.0785502
-0.13229	0.0595081
0.0178273	-0.139214
0.142433	-0.163139
-0.0111348	0.131046
-0.00963571	0.0916505
-0.230777	0.0828319
-0.792379	0.183913
-0.661409	0.0764874
-0.236722	0.283842
-0.328344	0.0282443
-0.120577	-0.352747
-0.159499	-0.321258
-0.181123	-0.354479
-0.175465	-0.354162
-0.318086	-0.250111
-0.305767	-0.239727
-0.432248	-0.221774
-0.367669	-0.310265
-0.301183	-0.372901
-0.244465	-0.371275
-0.405785	-0.435261
-0.414014	-0.570214
-0.503707	-0.430833
-0.564513	-0.404772
-0.956226	-0.0938322
-0.783345	0.000497423
-0.715535	0.0600474
-0.582189	0.134446
-0.40963	0.299816
0.11886	0.0330056
0.276455	0.0600053
-0.0382692	0.029662
0.0323662	-0.148316
-0.141738	-0.345461
-0.464424	-0.478296
-0.581733	-0.41157
-0.556792	-0.220092
-0.44612	-0.121116
-0.0936094	0.197916
0.114045	0.0239591
0.126035	0.227414
0.0465709	0.191881
-0.178607	0.114483
-0.253427	-0.00278059
0.068158	0.00698513
0.169301	0.213356
0.229008	0.164175
0.442646	-0.00456644
-0.0429149	-0.030942
-0.553874	0.06616
-0.518502	0.125355
-0.392506	0.0254766
-0.449406	-0.319837
-0.818019	-0.228992
-0.716873	-0.252559
-0.461481	-0.288284
-0.854587	-0.136869
-0.422438	0.184047
-0.622842	-0.0565084
-0.553439	-0.124566
-0.633483	-0.0489511
-0.634831	-0.0373322
-0.64392	0.0752609
-0.672812	0.306366
-0.455025	0.336928
-0.350611	0.466924
-0.252071	0.478383
-0.549931	0.326628
-0.389732	0.414509
-0.355833	0.238885
-0.583124	0.0348176
-0.653518	-0.068725
-0.296757	-0.170112
-0.338319	-0.106744
-0.241905	-0.079316
0.105458	-0.077034
-0.37459	0.153013
-0.0933642	-0.0244668
-0.141349	0.063242
-0.132074	-0.0694805
-0.264826	-0.167017
-0.346233	-0.138125
-0.285199	-0.247934
-0.241867	-0.331521
-0.135618	-0.294206
-0.0843346	-0.166258
-0.0442523	0.165978
-0.114766	0.0613609
-0.0889772	0.160181
-0.491454	-0.236443
-0.495715	-0.206505
-0.354426	-0.064334
-0.754794	-0.181517
-0.742842	-0.0839262
-0.456997	0.339618
-0.169834	0.134391
-0.84689	0.341215
-1.05132	0.333807
-0.252551	0.61603
-0.923617	0.478187
-0.814252	0.31751
-0.851686	0.239108
-0.719371	0.284337
-0.865169	0.324891
-0.855442	0.342604
-0.937888	0.344102
-1.01323	0.294558
-1.05627	0.404654
-1.05738	0.36445
-0.967156	0.336226
-0.913657	0.29032
-0.756679	0.307715
-0.758328	0.465181
-0.618408	0.456544
-0.554654	0.390676
-0.579186	0.285009
-0.516947	0.213746
-0.627595	0.400817
-0.591468	0.839596
-0.336547	1.15519
-0.164616	1.17854
-0.00339734	0.988257
0.159282	0.938985
0.0567521	0.928898
0.044735	0.96401
0.0133145	0.930175
0.0195323	0.755498
0.0816524	0.524013
-0.103384	0.317035
0.0362212	0.0701577
-0.0754093	-0.108756
-0.041064	-0.235553
-0.143922	-0.26116
-0.00497989	-0.556388
0.0729581	-0.491692
0.158333	-0.170757
-0.233017	-0.215865
-0.120952	-0.381769
-0.191871	-0.390006
-0.20821	-0.337025
-0.0638339	-0.348941
-0.230948	0.0122035
-0.242059	0.0882536
-0.276479	-0.264987
-0.0997294	-0.431703
-0.320302	-0.286431
-0.442462	-0.436109
-0.357008	-0.231821
-0.394922	-0.590174
-0.644109	-0.489783
-0.546598	-0.285505
-0.728497	-0.382107
-0.68959	-0.331542
-0.734445	-0.369652
-0.80841	-0.292296
-1.00855	-0.264947
-0.439502	-0.0830312
-0.72722	0.0299619
-0.788145	0.031481
-0.686976	0.156059
-0.52503	0.334636
-0.569047	0.391843
-0.485635	0.391632
-0.312041	0.444369
-0.122609	0.498899
0.205285	0.24557
-0.132888	0.353667
-1.15857	0.0153449
-0.789055	0.239023
-0.49185	-0.206869
-0.0653224	-0.0408521
0.118271	-0.133386
-0.208867	-0.390724
-0.463834	-0.343979
-0.583773	-0.201243
-0.387111	-0.335534
-0.591984	-0.242412
-0.554466	-0.122031
-0.416029	-0.135633
-0.447783	-0.0343352
-0.489841	0.325024
-0.679589	0.692769
-0.618371	0.547412
-0.567989	0.51358
-0.636	0.499364
-0.559273	0.306601
-0.448198	0.112368
-0.165216	-0.280028
-0.189892	-0.354844
-0.076575	-0.330898
-0.0124774	-0.295256
0.0742169	-0.223438
0.140926	-0.110594
0.260596	-0.0908272
0.30414	-0.0474505
0.31847	0.087685
0.371653	0.130658
0.356216	0.171214
0.401679	0.104368
0.38449	0.040872
0.328308	-0.0241319
0.369311	-0.0468109
0.24585	-0.0561566
0.229485	-0.0844034
0.110935	-0.0385168
0.0636888	-0.146192
0.0736221	-0.266573
0.0338255	-0.3604
-0.0553144	-0.39473
-0.151282	-0.396687
-0.225142	-0.393821
-0.277584	-0.349519
-0.212981	-0.406509
-0.48693	-0.169922
-0.556474	0.335355
-0.755917	0.590927
-0.636497	0.54112
-0.706353	0.65882
-0.588449	0.728941
-0.524009	0.749001
-0.337445	0.652242
-0.222448	0.636495
-0.0693925	0.669746
0.0676262	0.40327
-0.417447	0.305055
-0.744307	0.0990149
-0.340015	0.110044
-0.512504	0.0825577
-0.24217	-0.0849497
0.0911088	0.317594
-0.143827	0.735754
0.172137	0.823063
-0.144977	0.234867
-0.560042	0.147487
-0.664594	0.0463255
-0.574911	-0.097299
-0.64209	-0.235367
-0.716535	-0.261596
-0.614365	-0.188413
-0.499527	-0.187651
-0.811255	0.495934
-0.661851	0.319645
-0.815134	0.425557
-0.821727	0.38821
-0.887159	0.23121
-0.445959	-0.378237
-0.768003	-0.490943
-0.886077	-0.349815
-0.733462	-0.202822
-0.494245	-0.233684
-0.279702	-0.223189
-0.0642879	0.136477
-0.0986867	0.381066
-0.227952	0.221273
-0.29598	0.0285172
-0.395346	0.0190711
-1.05369	0.0341253
-1.07015	0.00719826
-0.570818	0.205903
-0.471451	0.397126
-0.555215	0.15218
-0.470324	-0.125315
-0.877567	0.123453
-0.906965	0.156674
-0.332526	0.117991
-0.107044	0.328962
-0.122836	0.226195
-0.218067	0.303774
0.0305018	0.223883
0.241862	0.147589
0.118957	0.36244
0.116433	0.310293
-0.0227452	0.292418
0.0984847	0.196877
-0.231236	0.0915856
-0.0595946	0.160204
-0.011756	0.0773521
0.263862	0.63626
0.0596682	0.840601
-0.153548	0.758746
-0.642464	0.694294
-0.95307	0.470516
-0.90509	0.260732
-0.812169	0.14298
-0.054593	0.110377
-0.0923136	0.240937
-0.0669227	0.209838
-0.0273689	0.0905849
-0.0295595	0.0259829
0.278803	-0.071937
0.236947	0.132758
0.320279	-0.077227
0.164271	0.130756
0.0948823	0.265618
0.0899911	0.0467932
-0.143403	0.0197486
-0.382642	-0.015986
-0.478575	-0.123488
-0.767968	-0.186819
-0.716908	-0.130056
-0.640822	-0.234973
-0.77861	-0.243572
-0.783945	-0.239618
-0.633026	-0.302399
-0.688233	-0.391967
-0.53147	-0.67142
-0.504877	-0.570701
-0.338593	-0.504647
-0.419857	-0.433542
-0.596714	-0.280309
-0.6732	-0.165986
-0.7274	-0.149036
-0.696886	-0.31296
-0.860286	-0.202666
-0.757604	-0.285011
-0.737514	-0.307812
-0.704431	-0.250856
-0.672989	-0.298449
-0.783941	-0.101027
-0.873355	-0.198442
-0.763071	-0.207914
-0.952019	-0.287915
-0.885298	-0.218268
-0.700994	-0.381553
-0.82767	-0.216597
-0.878126	-0.327799
-0.772607	-0.246279
-0.703995	-0.258449
-0.580276	-0.0614729
-0.376091	0.0481495
-0.424965	-0.0245879
-0.666744	-0.250105
-0.892341	-0.236336
-0.920431	-0.290738
-0.836725	-0.395151
-0.814026	-0.353376
-0.628415	-0.420004
-0.486804	-0.389128
-0.327148	-0.293467
-0.109987	-0.154678
0.0657944	-0.0592509
0.196057	0.00357407
0.189613	0.0568271
0.359226	0.0845473
0.323675	0.0817509
0.382897	0.0483236
0.280344	0.030637
0.331858	0.0547873
0.346099	-0.0255338
0.304706	-0.0255377
0.142158	-0.0514503
-0.0323184	-0.0387535
-0.219879	-0.0108944
-0.412177	0.145719
-0.464478	0.347439
-0.446582	0.581811
-0.406477	0.695669
-0.361157	0.745743
-0.357657	0.798023
-0.391037	0.715086
-0.481827	0.655979
-0.631258	0.57755
-0.808947	0.492252
-1.03054	0.470774
-1.09164	0.33223
-0.90613	0.344541
-0.673758	0.365192
-0.309963	0.172704
-0.509992	0.20396
-0.332157	0.507657
-0.313234	0.586213
-0.165642	0.684084
-0.303516	0.61707
-0.571262	0.602952
-0.612808	0.619881
-0.47462	-0.0940171
-0.435106	-0.312493
-0.435723	-0.374762
-0.44872	-0.389413
-0.451308	-0.408964
-0.375105	-0.447223
-0.388507	-0.421996
-0.361617	-0.390738
-0.385727	-0.308524
-0.348493	-0.273499
-0.246388	-0.278266
-0.0696263	-0.255932
0.144012	-0.122056
0.176434	0.203164
0.129179	0.257438
0.459571	-0.0975167
0.394552	-0.331949
0.286878	-0.258381
0.0568442	-0.0260981
-0.113755	-0.0720987
-0.363733	0.0324778
-0.469579	-0.123343
-0.385405	0.248181
-0.598976	0.0976188
-0.540159	-0.0198838
-0.132965	0.290148
-0.332485	0.329677
-0.364744	0.473875
-0.551961	0.620957
-0.590182	0.640342
-0.513555	0.655312
-0.501038	0.622198
-0.421795	0.507375
-0.271089	0.431984
-0.0187048	0.51413
0.0152441	0.159898
-0.254271	0.182351
-0.452062	0.0537765
-0.514159	-0.0947721
-0.253573	0.138522
-0.293513	-0.193321
0.163425	-0.345725
0.121326	-0.384057
0.0965108	-0.298326
0.121292	-0.129463
0.152057	0.161559
0.438485	-0.133079
0.226508	-0.107688
0.0426759	-0.173272
-0.0866328	-0.312774
-0.311092	-0.378179
-0.477284	-0.296631
-0.789887	-0.0380523
-0.877024	-0.0232974
-0.642796	0.183802
-0.521101	0.152745
-0.621851	-0.0434077
-0.36896	-0.242289
-0.551	-0.0538129
-0.423012	0.0131146
-0.433512	0.189012
-0.272186	0.192778
-0.24201	0.0529479
-0.305743	-0.0345962
-0.415075	-0.0650296
-0.669332	-0.192215
-0.749398	-0.197348
-0.548467	-0.176069
-0.823257	0.171172
-0.957177	0.0962148
-0.621572	0.270084
-0.760715	0.263803
-0.895514	0.275158
-0.723501	0.138841
-0.787082	0.207423
-0.624973	0.284746
-0.673584	0.415202
-0.488296	0.330968
-0.523058	0.548373
-0.600798	0.730084
-0.502901	0.577587
-0.367398	0.52606
-0.163805	0.446572
0.0252737	0.509022
0.266878	0.51733
0.535993	0.223391
0.235954	0.187164
0.278947	-0.138588
-0.127811	0.0775162
-0.118549	-0.357047
-0.486644	-0.299938
-0.515652	-0.13045
-0.532598	0.0310912
0.0863711	0.364656
-0.106044	0.241326
-0.106106	0.153845
-0.170413	-0.0147622
-0.0526486	-0.309112
-0.0480425	-0.346128
-0.0905913	-0.181001
-0.027786	-0.17178
0.125105	-0.107478
0.072767	0.173408
0.302782	0.262323
0.217491	0.14084
0.0293163	-0.30834
-0.152989	-0.413342
0.00347581	-0.56845
0.035144	-0.602623
-0.311666	-0.416744
-0.184271	-0.180031
-0.43366	0.0143409
-0.83126	0.0551978
-0.717468	0.08349
-1.13877	-0.0965719
-0.705022	-0.205082
0.171375	0.191374
-0.00239865	0.345386
-0.0210732	0.488983
-0.0064532	0.294433
0.0814593	0.0523915
0.0393489	-0.208107
-0.117507	-0.168514
-0.366036	-0.186726
-0.387487	-0.150987
-0.451415	-0.372411
-0.643636	-0.235609
-0.700453	-0.261936
-0.621064	-0.276647
-0.632775	-0.307934
-0.568031	-0.387283
-0.563849	-0.471041
-0.652374	-0.42228
-0.573479	-0.562829
-0.467261	-0.636022
-0.429052	-0.598602
-0.575606	-0.518989
-0.37071	-0.233543
-0.353163	0.0642783
-0.154305	0.262795
-0.283595	0.605158
-0.256891	0.666859
-0.274326	0.749985
-0.0710472	0.497394
0.0807303	0.264143
-0.300658	0.256076
-0.326326	0.437382
-0.326894	0.664055
-0.359568	0.425869
-0.516659	0.399267
-0.644933	0.213654
-0.930895	-0.302069
-0.798002	-0.284033
-0.980471	-0.454262
-1.05083	-0.379973
-0.254255	0.245482
-0.0128687	0.411253
-0.169324	0.538498
0.0822608	0.486843
-0.0729942	0.399834
-0.100338	0.192204
-0.138189	0.164427
-0.554344	0.537488
-0.64127	0.468927
-0.553029	0.34928
-0.385759	0.205088
-0.478161	0.226113
-0.52036	-0.142388
-0.511583	-0.405987
-0.668549	-0.252119
-0.701548	-0.26977
-0.4967	-0.290474
-0.423104	0.0104643
-0.693653	0.112618
-0.634877	0.119326
-0.347287	0.133641
-0.117404	0.0570629
-0.0871098	0.0423641
-0.234328	-0.0333372
-0.512334	-0.15257
-0.589802	-0.222895
-0.82839	-0.233702
-0.685995	-0.233102
-0.170255	-0.0869093
0.122355	-0.273592
-0.123889	-0.24266
-0.181594	-0.33713
-0.141337	-0.302421
-0.0462728	-0.19952
0.00801588	0.0681365
0.0408224	0.247168
0.513271	0.0215779
0.440984	-0.122134
0.307156	-0.300037
0.142695	-0.499209
-0.00613752	-0.358243
0.163576	-0.236939
0.13865	0.2379
0.188383	0.127754
0.236976	0.12072
0.237664	0.255642
0.240627	0.019971
0.265549	0.125335
0.0643022	0.265898
0.0453742	0.154658
-0.255255	-0.0481055
-0.0788696	-0.0194619
-0.209878	-0.101221
-0.162401	-0.208718
-0.331106	-0.153651
-0.485354	-0.000128213
-0.598884	0.168145
-0.351713	0.088706
-0.413971	0.163247
-0.683034	0.275257
-0.599429	0.332963
-0.0758816	0.182354
-0.0925409	0.122665
-0.134185	0.188281
-0.315763	0.187341
-0.473458	0.0733501
-0.513656	-0.136449
-0.459366	-0.0622307
-0.321692	0.124243
0.0463893	0.123908
0.174952	0.21572
0.182446	0.107729
0.283161	0.188478
-0.0425274	0.162864
-0.116182	0.0978978
0.160281	0.0627381
0.138516	0.154301
-0.210935	0.275925
-0.218579	0.136706
-0.719505	0.0119251
-0.802671	-0.142909
-0.765416	-0.0202417
-0.467332	-0.130152
-0.321389	0.0980794
-0.809347	0.121522
-1.01987	0.209569
-0.965197	0.222958
-1.06997	0.330082
-0.950409	0.31311
-0.924001	0.322592
-0.827698	0.308251
-0.78942	0.436084
-0.666712	0.719153
-0.410595	0.732347
-0.324783	0.701692
-0.122912	0.545544
0.0373217	0.465352
-0.180768	0.290831
-0.480559	0.0630342
-0.465628	0.130872
-0.338329	-0.0700602
-0.473182	-0.411374
-0.381469	-0.283303
-0.121479	0.0449328
0.0307632	0.0749268
-0.154611	0.230923
-0.223436	0.161532
-0.199792	-0.0704597
-0.350569	-0.283551
-0.458428	-0.26369
-0.645092	-0.0826824
-0.553635	-0.0525797
-0.498062	-0.0782624
-0.61375	-0.0255192
-0.602336	-0.0994914
-0.648764	-0.0811271
-0.611978	-0.0556165
-0.653269	0.0996014
-0.552162	0.352559
-0.361364	0.625555
-0.111885	0.800617
0.00335983	0.638904
-0.632086	0.706504
-0.57502	0.716671
-0.399519	0.719614
-0.36715	0.693028
-0.226343	0.690184
0.0345575	0.50231
-0.071756	0.370506
-0.368356	0.123434
-0.447373	0.1795
-0.646824	-0.158876
-0.846202	-0.137559
-0.535521	0.0449939
-0.633939	-0.166378
-0.388958	-0.37749
-0.372704	-0.440248
-0.498773	-0.415592
-0.740184	-0.151913
-0.880794	0.149296
-0.527994	0.304651
-0.857155	0.413694
-0.988472	0.318112
-0.749849	0.155868
-0.441151	0.0648853
-0.241988	0.0877891
-0.242841	0.0990515
-0.24722	0.182969
-0.273358	0.0791733
-0.226498	0.0779959
-0.26346	0.00341019
-0.351316	-0.0975292
-0.403879	-0.186426
-0.441656	-0.31039
-0.466434	-0.360846
-0.638112	-0.261118
-0.695496	-0.199617
-0.781133	-0.136735
-0.825463	0.287083
-0.739402	0.626184
-0.829483	0.71115
-0.69557	0.659622
-0.473851	0.502291
-0.123245	0.442335
0.116038	0.65206
0.281248	0.842566
0.280914	0.89471
0.275144	1.00518
0.18974	1.01967
0.0585837	1.03639
-0.193063	0.948803
-0.484787	0.790378
-0.643587	0.498891
-0.793915	0.234286
-0.786375	-0.054661
-0.716069	-0.240148
-0.726537	-0.349531
-0.773777	-0.267554
-0.787502	-0.000575182
-0.800346	0.166254
-0.490172	0.203837
-0.743749	0.245643
-0.619136	0.0877822
-0.518645	-0.166183
-0.412014	-0.317902
-0.348993	-0.342045
-0.144136	-0.347627
0.025426	-0.289447
0.12383	-0.138562
0.103918	0.0520355
-0.0280305	0.172501
-0.178363	0.310328
-0.290819	0.357694
-0.439015	0.306402
-0.593221	0.532648
-0.648554	0.659634
-0.574923	0.723615
-0.583753	0.682202
-0.578311	0.729088
-0.403267	0.622067
0.0761961	0.522434
0.297704	0.653705
0.199663	0.908491
0.00656392	1.06097
-0.212744	0.968897
-0.396367	0.858201
-0.505876	0.64948
-0.552555	0.468769
-0.562837	0.288988
-0.525268	0.166798
-0.290886	0.0566911
0.147759	0.0204767
0.134331	0.313478
-0.0423681	0.235838
-0.145015	-0.0223369
-0.0215959	-0.0587293
-0.139229	-0.270822
-0.371923	-0.31047
-0.429777	-0.370275
-0.436397	-0.203267
-0.495076	-0.153671
-0.591507	-0.14912
-0.612251	-0.107283
-0.620868	-0.0561804
-0.603041	0.073123
-0.153674	0.222788
-0.117414	0.567959
0.292148	0.547449
0.238034	0.453455
0.0862483	0.310327
-0.269461	0.19551
-0.211213	0.414797
-0.427213	0.438064
-0.578536	0.516189
-0.812049	0.732505
-0.862565	1.04591
-0.651927	1.07973
-0.584449	1.02857
-0.608834	1.03563
-0.554177	0.910393
-0.64487	0.791591
-0.778919	0.727402
-0.738655	0.411015
-0.682339	0.337977
-0.509242	0.179727
-0.312052	0.194647
-0.21733	-0.0550841
-0.102608	0.0144384
-0.249191	0.393517
-0.313795	0.297406
-0.598819	0.0377408
-0.529891	-0.0524988
-0.85076	-0.122382
-0.646055	0.0322343
-0.478417	0.219307
-0.49546	0.152066
-0.19692	0.668096
-0.149331	0.677608
0.0550407	0.836301
-0.294284	0.866278
-0.375297	0.863869
-0.544027	0.520668
-0.927456	0.0152639
-0.665878	0.20438
-1.02792	0.0968386
-0.805062	-0.0450484
-0.624077	-0.233098
-0.768923	-0.145265
-0.873087	0.155002
-0.756155	-0.0999827
-0.558957	-0.530308
-0.699865	-0.44937
-0.752104	-0.156028
-0.390183	-0.0368583
-0.383378	0.0325276
-0.228358	-0.161459
-0.25802	-0.149867
-0.45775	-0.40584
-0.428321	-0.35798
-0.754681	-0.547055
-0.716324	-0.512445
-0.7527	-0.483281
-0.513125	-0.297596
-0.5063	-0.260818
-0.690961	-0.213148
-0.951014	-0.36319
-0.624588	-0.283698
-0.711888	-0.19097
-0.83083	-0.249707
-0.851499	-0.295437
-0.693728	-0.175699
