-0.410868	-14.7036
-0.965593	-2.99698
1.48155	-1.72766
-1.88347	-3.56149
1.43987	-5.71074
-4.43057	-4.66423
-2.717	-5.26722
-5.27281	-4.45264
1.45607	-2.60357
2.14583	-4.3438
-1.42286	-6.31348
2.91442	-3.84431
1.47286	-5.85919
0.65116	-4.71109
3.70653	-3.03182
-9.40243	-18.2295
-12.494	-21.3791
-15.3829	-16.8156
-10.8137	-23.528
-12.2525	-22.4191
-11.3109	-21.7244
-9.4818	-22.5102
-9.18366	-20.8072
-3.96404	-20.3479
-0.359819	-14.2924
-0.401423	-14.8788
-0.179375	-15.7437
1.25681	-16.0884
2.24202	-15.8284
3.06445	-16.2882
5.77765	-17.3486
5.51664	-16.462
6.58054	-16.5585
6.67642	-16.8085
8.05411	-17.6591
7.25175	-18.8167
2.64502	-12.227
0.616957	-16.9467
1.02217	-21.8512
0.254699	-24.7664
0.0946065	-26.7127
0.846648	-29.1166
0.367959	-30.1902
-2.34428	-29.1688
-2.39744	-29.1128
-3.69779	-27.3182
-2.6974	-27.5848
0.94396	-18.0463
-0.229568	-25.4205
-0.0453095	-29.4738
-1.32473	-28.9101
-4.06602	-27.4917
-5.72752	-27.8191
-5.77106	-27.461
-5.41687	-26.7757
-5.1236	-27.4198
-3.39881	-28.9401
2.60027	-28.929
3.70675	-23.8668
-0.620473	-17.4731
-2.0245	-19.2799
-0.970829	-23.0952
-1.00517	-23.1358
-0.922015	-23.8381
0.341358	-23.3426
2.78879	-24.5978
2.19926	-23.1901
3.11016	-15.7357
0.178851	-13.2464
-0.957594	-15.4247
-1.95504	-14.2034
-2.56692	-15.0119
-1.77625	-16.387
-1.99353	-18.218
-1.87305	-21.0904
-4.10532	-19.7828
-4.49776	-18.8443
-6.86348	-11.1194
-6.93445	-10.6275
-3.83884	-11.847
-2.87315	-17.5327
-4.14187	-17.4188
-4.75216	-19.563
-4.49234	-20.6044
-6.31566	-20.4534
-6.04939	-21.7575
-4.11702	-24.6943
-2.57708	-25.7941
-1.30816	-23.488
0.116088	-22.1681
-4.13309	-18.9324
-4.63056	-14.2221
-4.07235	-15.3209
-7.19618	-12.9481
-7.84845	-9.21052
-4.14713	-9.36364
1.37948	-9.5997
1.29625	-2.42555
-4.75653	-6.21717
-11.6853	-5.38435
-4.48691	-3.04301
3.67049	-5.63239
-2.62489	-9.59082
-0.796165	-13.1848
2.65219	-9.16143
1.92732	-19.3329
1.92449	-18.6134
1.38232	-16.3262
-2.86182	-16.4666
-4.09016	-15.762
-0.181284	-18.0057
2.1757	-21.0794
0.850947	-19.5996
-1.59163	-14.4756
-0.853536	-10.9077
1.65253	-11.809
6.26089	-4.84147
1.14035	-1.91163
-2.72064	-6.64157
-11.0928	-11.1767
-11.6954	-5.29396
-10.4968	-3.13779
-8.98123	-2.82786
-15.9945	-0.0419285
-11.4576	-6.64849
-11.1995	-11.8736
-2.15517	-8.92914
-3.38443	-17.4578
2.22587	-10.1588
2.8681	-7.58128
3.34208	-8.09179
1.74265	-5.87637
4.29163	-2.93756
1.74639	-1.02091
7.60359	-0.823733
6.03999	3.64162
3.04032	-0.95297
-0.0802779	-8.69453
2.29638	-14.7633
0.789228	-20.6937
5.13586	-17.7889
5.34706	-7.17466
-0.538202	-6.62202
-4.73725	-16.9865
-2.70484	-22.5341
-5.78358	-21.1725
-5.24583	-21.9212
-4.48193	-22.6501
-2.68895	-22.5068
-3.42753	-21.4314
-7.12313	-17.4863
-8.42951	-13.6594
-8.96598	-9.45803
-9.20492	-5.86471
-7.10347	-3.46056
-9.84365	-0.151073
-11.1551	2.38792
-12.1021	1.06133
-13.03	-0.079982
-15.2584	-2.00721
-9.65256	0.0789085
-0.753102	-4.22229
-0.0849026	-3.32915
-3.03066	-7.78318
1.92129	-4.39381
4.5851	-5.29821
3.63802	1.70217
3.78331	2.01029
2.09593	-6.33611
3.60707	-9.21348
2.28119	-8.28721
3.49409	-12.2242
9.82264	-7.64948
6.74612	-12.0679
1.61579	-19.9368
-7.14185	-18.5451
-7.96481	-13.6075
-6.74996	-11.2398
-5.77774	-5.82079
-2.88841	1.2555
-9.31102	-2.90206
-5.43362	-1.86807
-9.37912	3.24913
-6.25036	-0.278674
-0.216565	1.28336
-3.70275	-0.700918
-3.26003	3.44563
-3.40723	5.89013
1.34761	6.09102
1.28273	4.47022
3.66543	3.8863
3.48177	3.08081
2.34744	5.06637
3.81177	-1.81486
2.28557	-4.13025
2.45749	-5.56224
-2.64234	-3.28005
0.508383	0.0804712
4.14903	-1.78468
2.26459	-2.94807
-0.923449	-6.60242
-2.29157	-4.74831
3.47263	-2.7616
-1.19471	-5.82303
1.41609	-3.25284
-1.22584	-2.37748
-2.62835	-6.78254
0.482852	-2.11443
1.93612	-3.16823
3.03458	-0.530847
1.79171	-6.79086
2.17112	-8.96038
4.08574	-9.45502
2.00348	-8.20269
4.04763	-5.04543
3.75756	-4.14276
-1.52046	-7.58346
-7.43573	-16.6669
-3.38975	-18.8443
-0.548738	-23.053
-5.77727	-20.3193
-3.15676	-14.0617
-6.15224	-5.96287
-5.91022	-9.73964
-5.5043	-13.7052
-6.43071	-16.4618
-6.73205	-16.7707
-6.54305	-18.6699
-4.64213	-20.9977
-5.06553	-21.9145
-3.98044	-23.9426
-2.83497	-25.8283
-2.09419	-27.7427
-1.24826	-28.0315
-0.146619	-27.9088
2.3733	-28.939
3.92824	-28.3088
3.03059	-28.3144
2.89863	-28.0365
2.15135	-26.3535
-0.605041	-26.2918
-1.80014	-26.8698
-2.8135	-27.994
-3.2985	-29.3647
-3.70145	-27.6341
-4.51341	-21.5382
-6.87554	-15.2094
-10.7018	-10.4142
-14.9532	-8.58605
-16.1961	-9.04078
-17.2792	-10.7852
-13.412	-13.2852
-6.72381	-15.8095
-4.51171	-12.4683
-1.72009	-0.274475
-0.0869583	-9.70985
-5.2643	-11.2213
-2.79365	-11.4399
-4.83069	-8.86164
-2.8425	-13.3518
-1.06048	-18.2796
-1.56199	-20.0022
-2.59918	-20.1639
-4.37187	-21.2297
-5.52649	-21.065
-5.44654	-21.0764
-6.60582	-18.7693
-6.56596	-15.9665
-6.65974	-14.0964
-6.35561	-11.5525
-6.78882	-9.68645
-5.73051	-9.50293
-5.20794	-10.0048
-5.88604	-9.62485
-6.08305	-9.5973
-5.43445	-10.5747
-4.68187	-13.0452
1.78979	-17.0497
7.80349	-15.9223
6.20459	-16.7354
7.88717	-17.2649
7.94377	-19.2277
8.03632	-18.101
7.80893	-18.5788
-1.02183	-13.2987
-1.12787	-12.7317
0.128879	-15.8768
0.900594	-17.8642
4.21101	-19.1874
6.06233	-18.2808
6.0036	-20.4011
4.68568	-20.6037
4.68515	-21.974
-0.347898	-18.0779
-0.472355	-17.7188
4.03477	-15.8199
5.86111	-17.1947
0.00969672	-14.7812
1.13335	-10.8685
4.07341	-9.82305
4.64323	-9.74651
-3.28162	-17.9665
-1.98219	-17.2715
0.624669	-18.6089
1.07469	-23.164
-1.45901	-18.8635
-2.29437	-17.3367
-0.703903	-17.9821
-3.76646	-14.2697
2.6556	-8.01172
2.99956	-6.5507
0.703184	-7.92483
4.54278	-10.3601
-0.0485563	-12.2454
-1.67953	-14.3531
3.78659	-9.60372
-5.67177	-11.273
-8.17272	-9.438
-8.84178	-9.30995
-8.43214	-9.55273
-6.44496	-9.43433
-3.36814	-6.28954
5.36475	-3.39997
4.42429	-12.9139
2.30865	-8.57887
-4.99454	-16.876
-4.19954	-14.7852
-0.276746	-8.15496
3.67456	-6.16469
-2.26571	-13.3893
-7.3242	-10.208
-2.02031	-17.145
-8.41734	-10.2898
-3.90557	-13.681
-6.0849	-8.42041
-5.26647	-3.26765
-7.73533	-3.47379
-10.353	-3.40297
-13.023	-5.94762
-13.3836	-8.25967
-14.5011	-4.52681
-9.45099	-11.028
-8.31288	-9.54965
-6.54865	-7.31653
-2.38278	-14.6231
-8.02497	-16.1757
-1.61824	-19.081
-4.73472	-14.9306
-2.77959	-16.7061
-6.98446	-14.1528
-4.2551	-9.83184
-5.35364	-1.68426
-5.09245	-1.98326
-5.31974	-7.91159
-6.04518	-9.63656
1.11224	-7.92829
-3.93648	-8.86738
-5.84375	-9.00663
-6.18847	-6.73841
1.90962	-10.1705
-0.441739	-12.32
-0.000926997	-12.3045
-3.12765	-12.1758
-0.908885	-12.0003
2.53439	-13.1707
4.20885	-19.8507
6.65042	-21.7236
6.41722	-20.8191
4.03678	-22.6274
1.16982	-20.5497
-4.62538	-18.0366
-10.0719	-16.2335
-10.7309	-14.9844
-7.08218	-19.2535
-0.0614354	-19.4357
1.08404	-18.5488
3.58259	-20.4761
3.27411	-18.5959
2.47498	-16.9561
4.26175	-16.5794
2.98299	-9.1142
2.00845	-8.99882
5.07359	-9.3808
2.7022	-8.43452
3.90306	-4.18744
-5.47091	-10.5496
-4.05036	-11.0355
2.93431	-0.736455
0.994769	3.04231
-7.29032	-12.3101
-9.14981	-15.7449
-7.73016	-15.2917
-2.73002	-11.6664
1.20407	-2.45435
3.17825	1.26572
-3.32393	-4.36692
-3.68669	-10.1212
-5.36742	-5.58414
-2.36416	-3.62882
1.1248	-1.57359
1.57027	-5.67262
1.34699	-12.7917
-1.09433	-13.6077
-7.78964	-14.764
-3.12832	-12.5602
3.25462	-0.246069
-0.115834	-8.74968
-2.87484	-10.6573
-1.76349	-10.1882
-2.96411	-8.8026
-1.82528	-9.3379
-2.81571	-7.1843
-2.48278	-7.72407
-3.16171	-7.90309
-2.47194	-8.96105
-1.11352	-11.1483
4.4131	-17.5598
4.40189	-19.6034
3.02334	-17.0466
2.69709	-12.8151
1.65483	-12.8639
-0.108364	-13.5186
-0.797291	-13.5811
1.13253	-15.1455
-0.370546	-16.5648
1.29512	-9.90692
4.61166	-7.24478
7.84244	-3.26925
4.57677	-4.999
5.01417	-5.34404
1.77241	-2.92707
1.36786	-2.84197
3.00874	-5.67727
-1.16547	-8.01401
2.61092	-1.74094
1.34093	-2.62388
-1.13184	-3.46117
-0.293722	-7.17816
-0.928884	-5.97824
-0.693695	-5.59791
-2.04426	-6.10992
-3.21221	-19.979
-3.25135	-20.0292
-2.29163	-26.3347
-2.94349	-26.1708
-1.63208	-23.9278
-4.036	-19.7477
-3.15756	-15.8506
-0.648398	-7.31817
-1.2955	-4.92439
-0.730485	-4.24611
-6.9154	-8.06715
-5.98096	-4.73041
-1.72073	-8.85055
-6.89352	-5.50732
-5.31609	-5.73558
-2.99214	-8.56828
-3.63109	-3.31833
0.111524	-2.0815
-0.894969	0.181602
-2.22861	-2.91467
-8.86343	-13.2022
-11.8956	-11.1136
-11.9726	-10.4664
-11.4841	-10.7947
-12.4903	-10.9748
-13.005	-9.28746
-10.5087	-11.508
-8.66095	-13.3175
-5.17181	3.06796
-5.01365	-1.35509
-2.93151	1.71689
-12.8532	-6.11095
-6.15328	-3.38929
-0.279839	-6.61036
-7.15356	-18.5552
-2.88143	-21.5732
1.2342	-23.9928
0.543703	-17.6466
3.99169	-15.0741
8.25975	-19.1231
5.34919	-17.6664
6.82782	-15.6581
3.91481	-13.6287
0.309695	-12.1198
1.03879	-11.1125
-0.126628	-8.84404
-3.37517	-13.3301
-4.97724	-13.2815
-5.58615	-12.4209
-8.15028	-9.90263
-7.96886	-10.0456
-9.10304	-7.95871
-9.94904	-6.05376
-4.54792	-4.77163
1.6926	-4.38504
-1.68965	-2.75073
-7.30936	-8.58042
-16.7983	-5.26888
-3.45119	-11.3543
-9.8872	-21.3282
-9.43916	-20.8926
-10.1145	-19.3424
-9.94909	-15.6017
-10.1037	-12.7752
-10.1806	-11.2079
-7.0243	-10.4037
-5.35006	-6.70385
-3.11014	-4.1463
5.20821	-3.14595
4.38787	-2.1713
4.24448	-5.69128
-0.704372	-9.2483
0.147705	-9.53517
0.712637	-14.6296
-1.27708	-17.5901
2.46441	-20.0419
4.0698	-15.5366
5.29592	-22.3989
0.914477	-24.6647
0.14334	-25.7313
0.937172	-25.3832
0.877651	-25.6206
1.61151	-23.794
1.96416	-18.1279
-0.363717	-10.1831
-5.16405	-4.40188
-5.67073	-7.17576
-9.01528	-9.61667
-11.428	-9.07755
-11.3265	-13.1378
-14.4428	-10.561
-11.1788	-9.7228
-8.95287	-10.2504
-4.69093	-13.6525
-0.63891	-16.9315
-0.0305076	-3.68573
3.7766	-11.0146
-0.787645	-8.90466
3.28719	-5.64977
-0.534953	-10.1227
-5.71691	-12.4072
-5.00995	-14.2191
-4.05858	-16.3019
-1.2674	-18.7771
-0.810894	-21.3088
-0.0714792	-23.2418
0.266038	-25.3463
0.575726	-28.057
0.286697	-26.9959
-0.906166	-24.1548
-1.58287	-21.4285
-1.80447	-19.2792
2.58639	-18.8394
4.06395	-19.3951
5.55711	-22.1707
5.75592	-22.4232
4.69115	-20.9932
3.17477	-20.556
2.80254	-18.9198
3.45377	-15.0846
1.62902	-14.0886
2.98209	-17.1653
1.89796	-14.3003
-0.194683	-8.09566
4.59764	1.63113
-9.1653	-2.78582
-9.54255	-8.66263
-11.764	-7.53611
-11.2522	4.01258
-13.1925	0.785785
-16.2884	0.37044
-8.17323	4.09592
-14.493	-4.76647
-10.1488	-4.92546
-2.33805	-3.24426
2.59098	-1.82317
-0.481948	-3.43435
-4.59693	-5.22911
-5.6923	-4.86601
-4.53794	-5.91502
-4.14406	-4.75629
-4.13516	-6.42284
-4.01618	-5.03602
-3.80527	-7.23756
-0.65231	-5.56087
-2.17294	-5.27006
-1.69537	-3.83816
-4.65195	-2.12047
-5.69304	-1.60088
-3.84724	-5.29151
-1.58246	-2.10724
-2.48864	0.711622
1.26972	-0.245346
1.64594	0.978371
3.13921	1.83791
7.63458	-6.06168
0.0869384	-4.12112
1.90856	-2.53743
4.23256	-3.81475
-1.15859	-4.86909
3.58366	-4.72075
2.26039	-5.91858
3.06409	-3.57129
1.60394	-2.02699
0.574036	-7.1063
3.02292	-2.94951
-0.339893	-6.01062
-0.984189	-4.09596
0.539336	-5.45181
2.19559	-4.97159
1.0477	-5.6581
-3.4678	-7.38679
3.83014	-2.1031
8.26836	-3.62714
5.49566	-11.8172
1.38538	-13.3084
3.50143	-15.2861
5.11019	-16.6312
5.25073	-12.5922
2.705	-10.0495
2.12705	-12.0804
9.18589	-20.7787
7.30431	-25.1082
9.23965	-22.4606
8.13952	-20.5723
3.7117	-18.6544
-0.781823	-14.2619
3.22264	-14.828
2.36971	-6.94848
1.65487	-2.82163
-0.0911106	-2.39363
-6.28441	-9.41967
-6.92931	-6.86296
-8.34571	-6.79022
-10.835	-11.2131
-8.84872	-10.4828
-8.12047	-11.7039
-9.80412	-15.3646
-2.29523	-17.6015
1.02114	-24.1609
1.11872	-26.9875
-0.0385132	-26.0084
1.09548	-27.4205
0.743746	-27.0459
0.186801	-26.8875
0.707561	-27.9449
0.334344	-26.725
-0.141976	-25.8239
1.03242	-22.5157
3.61609	-18.0387
2.83155	-17.8037
3.39444	-21.3603
2.18687	-21.7961
2.05607	-20.5345
3.90156	-21.4583
2.19742	-21.6018
0.00739526	-22.8794
0.666842	-23.013
-3.16485	-18.8107
-4.02216	-14.5397
-3.82698	-14.527
-5.57074	-10.6192
-4.10664	-10.2613
0.743511	-16.552
0.242328	-16.9075
2.51681	-14.5111
-6.25312	-9.14411
-7.11992	-6.62062
-10.1358	-7.17739
-4.66517	-15.2916
-3.76291	-19.8518
-4.66724	-18.4288
-4.27887	-16.0324
-3.828	-14.4552
-3.5926	-12.3729
-5.0976	-10.2203
-7.44271	-7.9255
-10.8642	-7.35748
-6.88243	-13.3523
3.20941	0.362186
-2.54805	-12.4023
0.443705	-18.5967
-5.60437	-15.3221
-5.58212	-16.8439
-4.75657	-14.92
-0.615167	-10.15
-0.840634	-23.8209
-1.7861	-27.3241
-4.55302	-28.4102
-3.82572	-27.5103
0.836439	-24.78
3.91102	-27.2477
0.525262	-16.5652
4.77965	-8.76637
2.28685	-8.94877
2.66712	-15.5431
0.212626	-14.8973
-3.34181	-23.0061
0.244492	-15.7018
-1.64667	-17.0105
-3.87134	-13.6252
-4.32356	-11.2411
-5.39692	-9.66247
-7.0997	-10.4465
-1.82174	-17.3905
5.2891	-14.8692
4.49552	-13.821
5.26887	-13.8681
4.28365	-14.6514
4.40042	-17.0113
3.02553	-16.073
2.88167	-16.6382
-2.35326	-16.3294
-4.67585	-19.9041
-6.77894	-19.939
-8.39482	-17.014
-7.0898	-17.3368
-8.00623	-14.7155
-3.9251	-14.2396
1.70827	-13.3475
6.38754	-16.0515
7.19151	-19.2646
3.50159	-16.9665
2.16535	-13.4337
0.885373	-11.327
4.14101	-11.6923
5.65251	-11.8852
5.32738	-7.31217
8.84441	-1.88553
6.66684	-2.64122
8.16988	-5.56802
4.44271	-9.35438
7.8217	-7.91216
-4.07291	-1.45262
-11.1974	-11.4739
-6.93805	-14.4068
-2.69674	-18.0277
-0.603548	-25.5005
-0.862886	-27.2728
2.87727	-31.039
1.61766	-30.7327
2.19348	-30.6609
2.12178	-26.8009
2.63023	-20.9521
4.95255	-12.4
3.49674	-10.6295
-0.141175	-15.5153
-0.0647357	-17.0736
-1.50355	-11.2203
0.985776	-9.19264
-1.66468	-11.8496
0.901078	-7.31622
-5.22834	-12.9857
-4.20662	-13.7216
-4.58016	-12.8454
-2.21624	-17.2968
-5.97318	-16.3973
-3.42283	-18.2988
-2.44167	-19.3323
-2.61129	-18.1335
-6.69137	-13.1486
-10.5814	-11.4712
-3.02979	-9.66705
-4.32985	-7.17527
-10.1597	-9.97732
-5.76107	-7.39655
-5.77083	-5.09142
-10.8586	-9.16503
-8.5863	-10.6952
-2.77068	-4.96964
-4.69828	-8.49968
-6.9584	-7.57069
-4.65018	-2.1507
-5.676	0.591164
-6.27002	-1.20022
-10.3053	-10.6529
-7.03308	-6.96988
1.87922	-16.5219
7.37648	-11.2194
3.18369	-6.18279
6.20469	-11.3518
-2.88981	-14.2263
-4.2708	-17.3127
-8.17815	-13.3151
-11.2889	-11.1709
-13.0214	-8.90426
-16.0359	-6.37537
-16.6047	-4.72838
-12.1116	-11.1019
-12.3954	-11.2784
-12.3528	-11.5606
-13.59	-10.6961
-13.2752	-8.76733
-13.805	-6.99438
-12.1498	-5.36891
-10.1778	-4.50239
-7.02454	-4.45232
-7.39225	-6.88013
-7.13631	-1.63944
-5.46949	-5.80075
-4.06301	-5.43124
-3.71763	-3.31468
-4.27861	-6.01684
-3.60476	-7.53254
-3.2837	-12.1657
-1.24717	-14.8311
-3.23546	-14.7935
-1.02684	-3.77682
-4.11968	-5.57812
-5.80632	-4.80117
-3.94862	-0.884968
-5.02773	-3.06649
-3.47875	-7.56644
0.23988	-4.42733
-3.13433	-3.11399
-3.57083	-4.93216
-4.71329	-5.27916
-2.02272	-3.42608
-8.75368	-5.25985
-11.668	-5.40523
-7.72002	-11.0161
-8.29971	-3.07482
-13.4416	-4.34241
-8.64322	-5.22062
-12.1132	-2.01647
-10.8539	-2.1227
-12.017	-7.92579
-13.0196	-10.2284
-12.3253	-6.62578
-8.83644	-3.27931
-7.5278	-3.27312
-7.05138	-2.73084
-6.20497	-0.689391
-1.14601	1.62554
-4.57706	-1.89214
2.22193	-4.29681
-2.0049	-9.88448
0.543705	-0.574744
-1.36885	-6.28024
-1.88557	-8.10702
1.62582	-4.46982
-0.363732	-3.62233
0.796682	-4.10979
1.5833	-2.69988
-1.90482	-2.47133
-1.27076	-4.85491
-4.84801	-2.45015
-0.594306	-8.14285
0.486913	-5.79099
0.749706	1.03184
3.83234	-2.71503
-0.659222	-0.416484
0.0330368	-2.77889
0.340785	-6.8922
1.11099	-1.39461
2.29588	-3.44691
5.067	-8.04241
0.765426	-14.6575
3.36668	-14.7726
-2.6441	-4.7143
-5.54522	-6.45002
-2.46933	-10.868
-5.7129	-11.6284
-8.39595	-10.7815
-10.8662	-8.01202
-10.4911	-8.92745
-12.8265	-7.02506
-12.01	-7.76386
-6.73164	-12.7349
-3.09255	-5.64413
2.00943	-3.64763
-2.35358	-3.54913
0.648972	-4.42093
-0.922354	-3.44763
-4.65488	-1.05939
-4.34571	-3.2483
-2.51311	-3.57245
-1.29965	-3.9431
-3.20147	-7.5936
-8.85257	-7.30391
-10.0407	-7.91176
-10.5923	-4.13941
-9.01999	-4.03633
-5.97253	-5.74371
-3.29611	-9.69127
-1.28228	-11.7529
-2.23709	-10.2871
1.28552	-14.2535
-0.318304	-12.7688
0.00232731	-14.7716
-2.54463	-15.3309
2.04142	-17.175
-3.8894	-13.9597
-4.58032	-15.6398
-5.27695	-12.9122
-7.34992	-8.64188
-6.3262	-7.80329
-9.19374	-8.22799
-4.81697	-9.4635
-8.41187	-8.99278
-8.92571	-3.78912
-8.83138	-7.97382
-7.74535	-8.97337
-11.2445	-7.16634
-11.0763	-8.84295
-11.6524	-8.13281
-11.6161	-9.24428
-8.69596	-12.8097
-8.56604	-13.9063
-6.61242	-10.6521
-3.0058	-4.39918
-7.74803	-1.92439
-8.19518	-3.10604
-16.9257	-0.983472
-13.9404	-3.59405
-7.21823	1.8731
-8.84525	2.91467
-5.04787	-3.91349
-9.48593	-5.91163
-8.31334	-4.24562
-4.6428	-6.20921
0.268847	-4.46076
-0.0089857	-0.96662
-7.58248	-3.48886
-0.127253	-9.60534
-3.79444	-15.874
1.85328	-19.0608
2.11295	-19.6903
-0.415936	-19.4948
-0.79067	-20.0331
-0.84978	-22.1601
-3.81844	-20.2069
-6.63518	-18.0962
-7.95755	-16.9637
-8.25417	-18.7059
-8.98305	-16.563
-8.02514	-15.7551
-5.26848	-19.6638
-4.60517	-17.9566
-3.06809	-14.935
-3.74184	-10.6249
-4.64089	-10.7497
-4.91172	-11.9156
-1.97904	-12.9079
0.207345	-17.0616
1.24989	-14.9192
0.708848	-10.7036
-2.1212	-12.0134
-3.1177	-8.59308
-7.34158	-8.32651
-9.33787	-8.90733
-11.2385	-7.57687
-11.7466	-5.97237
-10.1115	-7.80224
-8.19431	-10.1749
-11.8804	-8.23908
-12.1806	-8.93609
-16.0062	-10.5319
-18.2622	-14.7737
-14.2059	-17.773
-14.7929	-13.7217
-12.3311	-14.5116
-13.4971	-18.8493
-12.144	-18.8578
-15.0647	-22.6717
-16.1186	-13.0765
-14.4134	-8.95135
-10.1948	-8.46122
-5.80803	-7.53834
-0.181009	-9.61968
1.55433	-13.2261
1.345	-16.7469
4.46261	-23.666
3.44366	-14.5278
0.184386	-12.0674
-1.68859	-8.96841
-2.92001	-8.06503
-2.46587	-8.42908
-0.53724	-15.4809
1.28738	-20.1071
1.4682	-21.9585
2.54705	-21.1398
3.74898	-19.7892
4.47229	-18.0194
-0.517487	-11.6847
-0.756923	-12.3588
-0.441912	-7.79332
-1.01326	-0.617755
3.86134	-1.80529
5.66056	-2.09275
1.42545	-1.732
1.50412	5.72476
1.8463	1.20709
3.71846	-1.73026
-1.87111	0.422905
-3.66538	0.0431696
-2.19014	-1.02648
-0.772208	-7.29337
4.68569	0.642588
3.27128	-5.46748
1.98105	-5.16306
0.730177	-5.83697
-0.0464175	-3.35394
1.72298	-8.23325
3.19698	-3.02843
-1.66511	-4.62998
1.49044	-4.46361
6.19487	-5.54932
3.39815	-4.0164
5.18403	0.599261
3.6167	-5.99115
2.91665	-3.1652
3.51725	-4.2828
2.85075	-5.49677
1.28525	-3.03655
4.64752	1.73617
7.52298	-2.71619
5.48414	-2.17079
5.65566	-5.5891
3.79329	-2.9688
4.24306	-2.05724
5.34878	-3.10152
-4.2037	-11.5087
-7.56325	-15.6328
-3.60356	-4.11586
3.3444	-0.238657
-4.37181	-8.94728
-8.43525	-6.51196
-12.1073	-7.00879
-11.7132	-9.4187
-11.8663	-10.724
-9.59333	-13.2438
-10.9577	-12.8731
-9.21931	-14.0809
-9.11817	-11.3937
-7.56282	-10.4351
2.93572	-15.5211
4.86666	-15.1135
5.25536	-16.4927
5.02039	-19.0712
3.49025	-19.4843
2.91846	-20.3455
4.26869	-20.1808
4.72333	-21.534
-0.404818	-13.1598
-4.28519	-15.529
-5.89901	-14.8223
-6.93574	-14.5667
-5.81418	-11.7951
-4.78238	-15.9345
-6.29793	-17.7833
-7.43077	-16.1192
-7.43258	-13.0551
-7.22432	-11.7692
-7.00883	-9.83243
-6.82144	-9.7681
-8.06569	-8.75404
-9.51104	-8.67116
-11.282	-8.46757
-11.7941	-9.6266
-8.94291	-9.78158
0.873098	-7.10864
-1.86763	-7.68541
-2.70445	-3.87745
-3.62756	-11.7759
-6.13063	-13.1393
-4.54433	-6.32224
-6.49199	-8.26361
-6.41169	-10.6487
-7.30801	-13.309
-5.41168	-10.277
-3.99747	-5.81214
-8.05571	-14.9256
-6.02618	-13.8578
1.66553	-19.6137
-4.52588	-13.7004
-4.83436	-16.4145
-7.48333	-13.8428
-8.29976	-10.9406
-5.53573	-10.4441
-6.65796	-9.44791
-4.37946	-10.3189
-3.93997	-10.0174
-2.22683	-12.2513
-4.27705	-8.4901
-6.93174	-7.12219
-10.2695	-8.738
-7.15354	-11.4796
-10.3439	-11.2196
-2.99694	-10.4192
0.440834	-6.21743
-5.69452	-7.18962
-4.83847	-9.69245
-6.47277	-6.37023
-3.97589	-2.99407
-3.28325	-6.75036
-7.17708	-15.1031
-9.62006	-15.5336
-11.8133	-18.6703
-1.66291	-12.716
-0.79016	-13.9486
3.83141	-15.0003
0.0515646	-23.9924
-0.448902	-24.3967
0.15011	-20.8831
1.63329	-22.4653
4.16923	-24.8205
6.02564	-25.2658
4.52867	-22.4542
3.55098	-19.9878
2.66602	-17.6938
2.51031	-16.2944
1.29291	-16.198
0.924098	-17.7845
-0.0179546	-17.7593
-2.72191	-15.1753
-4.63693	-14.5486
-6.29577	-13.3354
-4.47676	-15.7709
-3.25511	-18.3618
0.0933801	-11.9298
-0.223706	-7.24482
-2.17101	-3.54915
-4.95995	-7.03681
-11.3668	-9.88065
-7.9716	-7.88514
-11.3335	-5.74473
-7.882	-10.1795
-5.25746	-6.5056
-10.7521	-11.4249
-7.06429	-10.369
0.753925	-8.50961
5.16753	-13.2206
-0.0349593	-19.7831
-3.57233	-19.0306
-5.80306	-16.7698
-5.05279	-15.0452
-3.93398	-15.1669
-5.18022	-12.9807
-3.49022	-14.3787
-10.2662	-7.27716
-9.58249	-2.74199
-9.76434	-3.36451
-9.56965	-5.33826
-4.49155	-7.68693
2.29895	-11.0268
0.409896	-8.19856
-3.23168	-10.2872
-1.38056	-5.74129
1.26999	-9.0549
-1.08647	-13.3997
1.04866	-10.8029
-3.69753	-13.3751
-3.68078	-14.7698
-0.687574	-3.48162
-3.42592	-9.94056
3.78653	-7.01659
-5.44353	-9.77066
-7.1285	-9.7084
-6.62646	-8.82002
-3.46507	-9.85279
-4.40156	-8.57685
-3.57268	-8.77823
-4.29956	-6.60735
-2.89759	-8.81348
-1.55764	-11.6013
-0.427845	-14.2611
-2.90446	-13.2595
-5.44224	-6.67442
-2.3009	-6.9748
-5.70537	-5.40367
-1.80912	-9.56749
1.60085	-18.6006
1.32683	-23.2322
-0.637214	-24.0844
-1.5024	-24.8248
-3.61931	-23.2994
-2.45745	-22.6408
-6.1452	-19.8945
-4.88543	-18.4835
0.119363	-22.6632
0.650468	-19.4663
-0.434238	-15.6042
6.577	-5.10796
1.48128	-3.63519
2.77648	1.04758
-1.75954	-1.2997
3.97566	-7.17631
3.34906	-6.4465
2.84703	-7.84319
0.768207	-11.0375
-0.736754	-7.07929
-1.5051	-3.67418
2.10412	-7.46159
2.99123	-6.6343
0.439457	-7.6289
-7.1489	-14.7359
-6.08799	-12.1975
-9.20475	-13.1175
-10.1537	-12.6994
-5.3734	-11.0458
-2.9361	-11.9059
-0.344725	-14.2822
4.73405	-5.60404
-4.91132	-5.08953
1.94368	-9.35799
-1.66547	-6.78697
3.82653	-3.2381
2.26529	-5.78135
1.29359	-3.33956
2.06939	-6.27512
2.26679	-4.1477
2.29654	-5.9033
2.36948	-1.62685
-0.452021	-12.2244
1.22611	-4.83449
0.708857	-0.434443
-1.2747	-3.78567
-0.247949	-5.50081
0.160613	-6.51226
4.49171	-0.201486
4.26353	-3.18776
2.55082	-2.77356
-3.36537	-10.8537
-1.74403	-16.0536
5.38159	-12.0328
8.80645	-8.58113
3.96137	-15.2835
0.951889	-17.9728
1.68314	-20.1918
0.445355	-22.5739
2.17001	-24.7128
6.69233	-26.1791
10.65	-24.837
4.31817	-14.206
7.59576	-12.5258
2.92285	-12.0803
3.21111	-13.4635
3.26933	-13.0673
-4.48699	-14.1062
-2.72557	-15.3543
3.80329	-23.5839
0.0188631	-27.1496
-5.92715	-26.6133
-6.45055	-25.4344
-5.93608	-24.927
-3.21362	-22.5782
1.58289	-16.6651
1.03749	-8.06811
1.77472	-15.1893
2.53817	-11.7514
0.630595	-13.2322
-0.21771	-8.46366
-6.38805	-12.1427
-3.69581	-9.73914
-2.45824	-16.5947
-0.870357	-24.3341
-3.4793	-21.1659
-3.33997	-20.6059
-3.40341	-19.3705
-3.91106	-16.2575
-3.53379	-15.2406
-1.94886	-17.389
-4.95619	-17.0166
-3.58164	-14.1084
-2.6197	-9.92181
2.01658	-5.91184
1.26912	-4.94349
-5.40269	-7.24352
-5.52742	-4.32264
1.07041	-9.84844
4.43603	-17.5319
-0.293939	-15.3414
0.255075	-14.949
-1.68282	-11.2694
-1.87887	-13.9684
-8.68789	-17.7334
-7.72484	-14.8749
-5.59884	-14.5772
-3.15806	-15.9143
0.19024	-15.7628
-0.688369	-14.2903
-1.6958	-14.5428
-0.519785	-13.5467
-0.264619	-12.9443
0.535178	-14.2529
-1.4284	-11.5715
-2.01704	-9.09649
-2.00989	-7.977
3.83902	-5.43334
-0.507148	0.067736
0.295331	0.0113017
-6.55963	-4.61616
-4.12646	-5.91729
-3.04981	-2.29626
-8.63917	-11.4756
-7.48834	-15.4655
0.39329	-12.0633
3.15839	-6.06407
3.31082	-21.6213
2.4991	-26.8957
-0.302561	-25.5862
-0.262128	-27.2154
-0.628106	-27.2818
0.174393	-27.6638
-0.422416	-29.3052
0.511674	-28.476
1.99392	-31.0993
0.871349	-29.9353
1.11849	-29.835
0.386949	-30.1352
-0.25091	-29.3883
-1.15782	-28.5941
-1.74365	-26.8008
-1.58375	-26.0834
-2.68885	-24.3473
-1.76431	-22.7309
-1.72575	-21.1184
-1.16244	-17.7911
0.506906	-14.8725
5.24905	-18.5413
8.86973	-24.4658
7.63273	-22.2102
5.8366	-18.8576
7.02135	-20.321
6.63185	-19.408
7.6035	-19.1576
7.93442	-20.5089
8.5396	-19.2072
8.00971	-18.4463
8.07845	-19.1238
7.76988	-19.2924
0.383723	-15.1678
-1.29218	-17.4423
0.110041	-19.477
-1.39684	-17.2466
-1.70853	-17.098
-2.77928	-15.6683
-3.28818	-15.3236
-3.44813	-12.9381
-2.28054	-14.0793
-3.19513	-8.47159
-3.16496	-1.64981
3.784	-2.16307
3.24265	-6.57006
0.453166	-7.82843
4.05945	-13.4935
4.27268	-18.6245
4.4735	-22.0144
4.11757	-24.8228
4.76179	-24.7285
4.16956	-23.6697
2.85595	-16.441
-6.81129	-7.62026
-6.1612	-10.2768
-4.63041	-11.7818
-2.21948	-15.1372
-4.61197	-15.1638
-9.59736	-11.1442
-11.4913	-10.6694
-13.834	-8.52152
-13.43	-10.1622
-13.1561	-11.759
-12.9308	-12.0408
-12.6037	-11.0906
-12.1142	-9.94576
-10.5745	-9.34488
-8.68533	-7.25664
-7.70392	-6.45651
-7.34878	-8.06288
-7.45889	-10.4875
-8.48172	-12.3604
-9.56724	-12.3788
-9.53321	-11.8761
-9.47316	-11.375
-8.80976	-11.2917
-8.1022	-11.6635
-6.75772	-12.2598
-7.79049	-9.41594
-7.81634	-8.09566
-5.81593	-10.0058
-5.87862	-6.29873
-6.57177	-5.73028
-8.80949	-4.04828
-8.85579	-0.518574
-3.8716	-2.89982
-6.11095	-6.70677
-5.12782	-4.21548
-2.35241	-11.7971
-1.90312	-7.94107
3.6496	-5.84517
-1.41986	-6.82493
-5.21882	-6.34408
-3.00919	-8.16085
-2.3286	-5.81022
-4.60634	-4.03979
-3.62472	-4.63905
-3.38382	-4.50093
-1.54774	-5.10428
-0.854457	-5.10137
-1.67452	-3.76338
5.90141	-3.42657
3.861	-4.13176
9.1423	-1.41518
7.01599	-0.447358
4.01263	0.299957
1.62376	-4.023
-8.33423	-13.3092
-5.15792	-14.0614
-5.98983	-5.50338
-3.46076	-19.9386
-3.42521	-24.0729
-5.03522	-22.9496
-2.89272	-21.9184
0.464331	-14.9878
2.06871	-17.7594
3.34731	-17.604
3.56486	-17.9428
2.0317	-15.1471
2.76563	-15.679
0.757385	-12.7854
0.549093	-14.1322
4.02641	-10.63
-0.558306	-8.3987
-0.730596	-3.57062
-4.64881	-2.84227
-8.72626	-3.90941
-9.46039	-4.79669
-2.59502	-4.70577
-0.199903	-3.29094
-2.42385	-1.0472
-2.24651	-4.0637
-0.942693	-4.53381
-2.60793	-2.02815
-11.8018	-16.058
-8.81736	-15.8569
-4.16615	-17.0822
-2.94013	-15.0973
-3.51023	-6.09551
-8.36722	-7.24943
-8.23347	-9.68641
-1.71851	-19.297
-5.22606	-21.2974
-4.63967	-21.3281
-6.54161	-17.1496
-1.56475	-17.6922
-0.33883	-10.9059
-4.25737	-4.12508
-11.1118	-5.19787
-10.7949	-3.29584
-13.0528	-13.2478
-13.08	-7.50526
-11.4592	-3.42087
-13.1427	-11.154
-9.9214	-11.5808
-6.19505	-15.2885
-7.56679	-10.0449
-4.02258	-12.2011
0.64334	-6.46677
0.187062	-11.8776
-3.039	-7.24642
3.04947	-10.6812
0.467343	-11.0764
0.289406	-8.5547
-0.262211	-8.53593
5.0336	-7.50218
0.79763	-7.50763
2.27418	-9.587
1.42085	-16.2396
7.25733	-11.6287
5.09508	-11.2741
7.37959	-17.0487
7.41689	-16.6356
3.07267	-13.9542
2.56878	-12.9766
1.21207	-10.6036
0.492047	-9.64872
-2.35147	-7.39555
0.577103	-12.0652
-1.29466	-8.70701
2.73727	-5.97059
5.71951	-2.40063
11.7077	0.403304
10.0447	2.0857
-14.7391	-9.35133
-11.7367	-7.20775
-6.78614	3.01721
-8.06909	-0.357599
-12.7939	-9.34256
-12.2486	1.12071
-11.3268	-7.83068
-13.0191	-6.05152
-13.9289	-6.96985
-7.74269	-4.2648
-7.76106	-6.23438
-6.90155	-5.37021
-6.67688	-0.0611164
0.0595645	-10.5734
-3.12153	-4.00012
-0.591406	-1.61536
0.107105	-2.15677
5.25987	-4.57108
2.60037	0.0143021
5.08433	0.536537
-2.11946	-6.75664
-1.91468	-5.39121
2.00566	-8.06145
5.10981	-7.70138
4.19758	-2.7525
2.30085	-5.80411
-0.124298	-9.75047
-4.00587	-11.3512
-3.95462	-7.69246
6.5656	-5.4837
-1.19425	-4.6246
-0.445246	-4.82456
3.43215	-2.49042
2.82501	-2.68556
1.9837	-5.36384
-0.671143	-5.15693
0.55068	-3.10644
0.763246	-16.9565
2.5264	-15.3387
-3.96752	-11.9371
-5.79825	-14.9723
-4.32892	-18.1522
-2.85278	-20.039
-4.15949	-18.4824
-4.18603	-22.3078
-5.24238	-25.2433
-6.36851	-27.0581
-5.90185	-26.197
-2.44918	-27.2933
-0.740887	-24.4886
0.426413	-21.5367
-2.26105	-15.239
-4.10537	-10.08
-3.33489	-9.36482
4.25586	-13.3899
2.19823	-13.5898
1.61133	-10.9295
3.40857	-11.5489
-1.39142	-6.94202
-10.5796	-2.9361
-6.13083	-9.05
-10.8026	-5.21313
-12.8231	-4.05162
-14.605	-2.35888
-15.1852	-2.13461
-14.8539	-3.62019
-12.1599	-4.03814
-2.6905	-1.25443
-2.38674	-8.71751
0.518106	-9.85799
-1.28964	-8.75521
-0.101826	-9.20073
-4.89367	-7.54383
-5.58012	-6.89515
-7.82426	-11.7696
-9.44301	-16.0213
-1.55974	-6.99843
-9.25006	-5.85914
-13.2789	-4.88375
-14.7558	-3.26982
-14.1528	-3.11373
-13.2531	-3.80539
-11.5574	-0.926452
-3.73757	-6.31116
-1.14232	-11.686
-2.08429	-13.1284
-6.23314	-16.8872
-5.68072	-9.35126
-6.20187	-9.15007
-8.37359	-16.7673
-5.25028	-13.1918
-9.48982	-10.1645
-9.74627	-8.21755
-8.56342	-8.49422
-10.0764	-7.23056
-9.5802	-6.36257
-9.86801	-4.94546
-9.0562	-6.37921
-5.94766	-11.8907
-7.40391	-11.3919
-6.25922	-13.3614
-4.61522	-13.6827
-3.8858	-14.0767
0.760126	-14.3206
3.23746	-11.0668
4.42434	-10.7322
4.23621	-11.4985
4.0349	-11.7295
4.22166	-11.9423
4.33426	-12.2572
5.54891	-13.0889
3.00489	-10.2165
3.88294	-12.0414
3.07227	-11.5707
2.43255	-11.8833
1.35721	-9.94477
-0.451986	-7.94953
-1.90684	-7.92213
-12.673	-15.4625
-17.588	-11.3098
-18.1995	-10.6675
-19.0992	-8.90691
-20.207	-7.62192
-20.63	-7.59543
-21.9614	-7.17057
-21.5508	-8.69969
-20.9607	-8.45848
-19.0962	-10.0167
-12.7223	-11.3516
-6.88547	-11.6539
-3.35532	-7.61658
-1.40364	-8.4296
1.8891	-4.99719
-0.109337	-4.91513
0.53695	-0.924485
4.63266	-5.38535
1.96525	-6.34611
2.01818	-13.2905
1.30823	-15.8034
2.03523	-19.1412
-1.17229	-19.8247
-4.0145	-17.7514
-6.50572	-16.2092
-8.33972	-14.1824
-13.3519	-10.9349
-14.4374	-8.38326
-12.8056	-7.38515
-11.786	-8.09692
-13.596	-7.81012
-10.6369	-10.6907
-12.9856	-8.31017
-13.332	-8.78351
-13.3659	-6.80188
-14.3187	-5.99469
-13.5397	-6.16523
-12.7784	-4.88857
-12.3395	-6.02129
-12.6891	-4.12873
-11.4843	-6.29688
-11.1874	-6.08398
-10.7781	-7.08721
-8.43882	-6.98686
-7.3151	-7.67951
-4.91912	-7.17156
-3.72736	-6.41241
-2.79247	-7.85237
-2.14793	-7.98843
-1.35889	-9.4846
1.89705	-12.2009
4.09035	-14.6327
5.3452	-14.8988
6.7782	-19.1648
6.62981	-17.6796
3.39449	-16.5421
4.17355	-17.8529
4.01732	-17.908
2.01408	-12.2994
-0.695457	-9.76805
0.916287	-11.1695
7.09869	-9.34446
5.518	-1.8059
1.11361	1.26054
-1.6234	-3.25579
-5.01212	-2.24149
-8.69092	-2.35353
-9.99647	-7.82805
-6.10716	-11.0777
-5.47101	-15.3617
-4.82437	-8.92064
-2.06274	-10.0033
-0.821337	-7.64668
3.19258	-9.31143
-5.5326	-18.1341
2.08535	-27.3914
0.110658	-26.6188
-1.39792	-24.3724
-1.9155	-24.2669
0.274458	-24.492
-5.17971	-18.7766
0.639206	-20.2896
-5.17324	-19.7171
-1.64581	-16.0653
3.79306	-8.33373
-0.0244361	-6.50072
-6.66639	-7.62891
-11.1074	-8.85829
-8.85929	-7.03717
-7.86661	-4.24413
1.32959	-2.89751
6.29742	3.02329
-0.193638	-11.2205
-2.1809	-8.25075
-2.3141	-8.97679
-1.42236	-11.4748
-4.28135	-9.59645
-8.10049	-7.27657
-1.02731	-13.2523
7.06026	-14.9521
2.63395	-18.4673
-9.35309	-6.01917
-6.24857	-8.46214
-5.88739	-10.8897
-4.4672	-10.6327
-2.46736	-10.0045
-2.7233	-7.68365
-4.57912	-5.09353
-7.41246	-2.71403
-8.36729	-11.7475
-2.44794	-12.0884
-2.11914	-17.357
0.327059	-13.7246
2.77338	-3.6648
1.63434	-3.11481
-8.00315	-11.3698
-6.87151	-10.1471
-7.48901	-12.232
-6.98154	-12.6725
-7.9331	-8.96635
-9.12143	-12.6086
-6.25471	-18.5047
-3.69407	-13.1284
-0.3934	-8.99605
2.19861	-14.8972
0.232029	-21.2538
-1.27655	-23.724
-2.40001	-20.7903
0.129845	-20.7356
5.61977	-16.3374
5.42883	-8.78547
-0.1332	-9.49634
0.57538	-10.1278
1.87395	-3.33072
-1.20677	-4.97469
0.76353	-5.0079
-1.64791	-11.6999
-0.601928	-4.22123
-15.9742	-4.03148
-14.1626	2.21696
-10.7666	-2.87137
-18.9374	-11.9423
-5.6677	-7.21224
-2.0738	-1.01042
-3.29104	-13.2997
-12.1796	-13.5025
-10.7421	-16.5147
-11.2433	-14.3744
-10.1861	-14.946
-6.80374	-16.0396
-3.06594	-17.4868
-4.73421	-13.4573
-5.01181	-15.095
-3.46837	-17.6146
-1.88914	-15.1953
4.93917	-10.4811
5.20069	-1.86193
3.8383	-4.24376
-18.7497	-13.9841
-15.5399	-9.28973
-5.18916	-12.0829
-1.26518	-8.44429
1.90124	-6.4434
3.14666	-4.15696
7.73786	-4.33473
0.165491	-7.5835
-4.67021	-12.4783
-8.4224	-9.47422
-5.70655	-13.772
-7.92601	-14.2102
-12.0102	-9.83366
-13.2959	-7.42673
-14.2309	-5.59826
-18.399	-4.58456
-18.6353	-8.37706
-17.971	-10.8303
-17.7703	-14.797
-13.3985	-14.7614
-13.5062	-13.0149
-6.64131	-13.8389
-8.53861	-11.9099
-5.62505	-17.0402
-0.859609	-17.4712
0.471833	-13.4139
1.86184	-1.17368
2.1625	-3.40411
-0.506423	-9.11171
2.58976	-10.1703
3.55532	-2.77047
2.10457	-9.84319
0.565866	-9.32198
-4.02213	-9.28587
-0.885743	-8.8754
0.409496	-5.82388
-3.34755	-10.4397
2.66718	-4.39829
-0.873603	-10.2479
-0.0826382	-8.11031
2.81885	-3.89675
-1.72051	-5.1704
-1.8727	-2.92463
0.140738	-6.64489
-3.46043	-4.93279
-1.24729	-5.26383
1.73416	-5.01696
-0.196589	-6.63645
-1.00687	-6.78174
0.158729	-5.86508
-3.02105	-8.83503
-5.80191	-9.67915
-1.63326	-2.72456
-4.33862	-10.6555
-5.53374	-6.0458
-6.49743	-4.23969
-9.02883	-2.15626
-10.3377	-0.952876
-3.86105	-9.48536
-7.97835	-4.35586
-10.1549	-4.07552
-11.8053	-4.49829
-13.4477	-3.76034
-13.9444	-5.29836
-13.8901	-5.62467
-13.4283	-5.37641
-12.1218	-6.26455
-12.0299	-5.74036
-10.5254	-5.27241
-11.2404	-4.28477
-9.75536	-4.53035
-7.55844	-5.93478
-5.45428	-7.25286
-3.75694	-10.0996
-1.76365	-12.8153
-0.646898	-12.96
6.21227	-16.7206
-1.44668	-15.1271
-1.80048	-10.9461
-2.68884	-13.2171
0.108184	-8.49086
1.35578	-9.52561
-5.00318	-3.95064
-10.7564	-7.7074
-16.4261	-5.53504
-15.6591	-3.93123
-10.0657	-2.521
-8.6738	-0.226595
-6.22689	-7.21293
-7.27761	-5.88787
-9.47594	-7.48985
-7.77086	-4.14417
-7.13656	0.186047
-7.19768	1.27942
-6.69448	0.499061
-6.26336	-2.27888
-9.17852	0.561176
-7.32261	-2.2023
-6.74228	-0.77092
-5.76411	1.75319
-6.65309	-0.756672
-5.35536	-1.73865
-5.24143	-4.41827
-2.81013	-3.25647
0.250912	-3.23093
2.23956	-7.18086
0.86252	-7.04249
4.3381	-10.3453
2.11938	-13.3389
1.82463	-17.8231
-1.13677	-18.9127
-0.199238	-23.8354
0.964063	-28.2627
0.356765	-29.6089
-0.693114	-29.1045
0.0775383	-30.6931
-0.757885	-30.679
-0.937639	-29.8566
-0.526112	-30.3692
-0.166084	-28.5313
-0.675547	-27.3585
-1.06	-26.5283
-2.41577	-26.0924
-3.63136	-27.2716
-3.28732	-26.625
-3.08061	-28.3725
-2.28222	-28.2424
-1.40318	-26.9917
-3.0684	-24.0594
-4.94096	-17.0168
-9.72765	-11.8417
-11.2615	-10.792
-15.6297	-7.68918
-17.5157	-9.15465
-17.1836	-12.15
-21.7241	-8.79772
-22.5155	-10.1143
-18.4157	-14.3859
-22.1571	-10.634
-22.341	-11.6773
-20.8141	-11.7633
-17.2327	-12.2836
-8.28094	-8.95612
-3.24233	-9.19185
3.47233	1.16015
4.31587	-4.95892
6.3818	1.14407
0.848905	-1.12633
-6.27565	-0.0104288
-10.7203	-6.45897
-8.47056	-4.54513
-10.8495	-7.99139
-10.4442	-5.95763
-10.7739	-8.46846
-7.00527	-5.69935
-6.20582	-5.38321
-0.16075	-6.13589
-3.30052	-7.59586
-5.37122	-5.74895
-2.68267	-8.83666
-1.94738	-10.8328
-1.65952	-10.7103
-0.18985	-11.8451
0.370062	-14.6193
0.614199	-14.3112
0.148647	-20.9786
-1.03607	-18.4595
-4.10834	-13.9203
-4.53013	-12.8723
-1.56293	-12.6023
0.323033	-14.9462
4.04943	-8.44381
0.276602	-5.83905
-2.28037	-11.4892
-2.5095	-15.5743
-12.326	-13.3836
-20.0832	-15.3142
-14.5428	-11.0749
-10.294	-5.43576
-10.6782	-7.9058
-3.85603	0.329504
-8.24214	-10.0224
-11.0738	-8.98219
-10.3168	-9.15772
-2.03437	-13.6777
1.58111	-18.2017
0.855039	-18.1742
0.596017	-17.3741
2.90027	-20.5083
2.45388	-19.8225
1.41409	-17.3396
-0.17802	-13.9342
-2.81215	-15.7128
0.543839	-21.9495
-0.328387	-23.0256
-0.132533	-23.2676
-0.67973	-21.7171
1.44762	-21.1477
-1.28642	-20.8811
-1.52082	-20.6738
1.12032	-19.8498
-0.147679	-21.3968
3.64195	-19.6394
4.86602	-16.8027
4.49687	-19.0455
6.23835	-10.1684
4.92708	-14.2879
6.70173	-10.3339
5.25375	-10.0187
1.91649	-10.4492
4.75368	-11.3209
-4.75533	-14.504
-0.18871	-7.06824
-2.9537	-6.38027
-0.204031	-6.89995
3.1571	-12.978
0.0331825	-4.76154
1.40597	-5.34331
1.65127	-2.59675
2.79492	-3.35996
1.25938	-8.84137
-0.938268	-2.00649
-0.10113	-2.16605
-3.8238	-7.46693
-3.09253	-4.94901
0.795312	-4.66464
1.47692	-8.7916
0.653305	-10.5924
-2.35814	-4.17362
0.359811	-6.003
6.65498	-3.83002
5.94755	-2.6079
-1.86192	-15.8583
2.62916	-15.1906
-1.43154	-14.0317
0.917397	-14.7108
4.51542	-13.9874
4.15699	-13.6667
-0.0695332	-17.1298
-5.13753	-15.5718
-9.72348	-11.4881
-9.71984	-10.1998
-9.64178	-11.3991
-8.54814	-12.2476
-4.97953	-13.6544
-1.20719	-13.3671
-1.5872	-11.7285
0.613349	-12.2924
1.89183	-16.8078
1.00521	-19.7416
2.45186	-26.1417
0.0382384	-27.2596
-0.38271	-26.7701
0.674878	-24.1278
2.69749	-22.7837
0.793974	-15.6527
1.67738	-10.1317
1.0807	-7.31384
6.95671	-3.32233
9.29327	-1.14563
8.23093	-2.50992
3.2718	-1.65562
5.23875	-4.94909
3.89784	-4.89716
-2.47615	-9.35496
-5.4102	-9.10011
-6.27334	-8.34828
-7.51852	-5.77288
-8.60489	-3.8119
-7.51581	-4.56403
-2.3313	-9.29743
-1.10107	-12.9691
3.84788	-9.96303
5.73583	-6.97679
-3.48416	-6.36706
-8.16477	-9.57816
-12.2488	-14.3274
-13.6544	-10.9526
-7.95785	-9.08199
-10.3539	-4.18895
-8.90976	-4.98474
-13.2452	-6.79758
-10.7451	-9.43775
-6.5093	-13.8872
-3.66657	-10.3457
3.96501	-14.242
2.36819	-23.1625
-0.237746	-24.2262
-3.41814	-20.0308
-5.04869	-18.8007
-7.3909	-17.423
-8.38642	-16.5462
-8.72438	-15.4499
-9.16132	-14.3657
-9.39202	-13.4874
-10.0694	-12.4212
-9.04604	-12.2155
-9.67853	-11.0528
-9.45868	-10.3304
-8.19162	-11.634
-9.10698	-10.0031
-7.56142	-11.5216
-9.76382	-9.04771
-11.5542	-7.13318
-11.747	-8.12903
-13.083	-5.72795
-14.0175	-5.16531
-13.1645	-6.01534
-12.5203	-8.72511
-12.6609	-8.63198
-12.59	-8.76737
-13.3189	-5.44345
-11.9757	-5.30625
-5.29042	-10.7956
-2.58692	-15.3486
-4.44309	-8.29325
-1.47268	-9.25084
2.52737	-8.18737
-4.4991	-7.8267
-6.16735	-3.38589
-3.23029	1.78317
-9.35478	0.849085
-11.416	-0.478172
-14.2398	-1.06464
-8.03818	-5.53173
-8.51976	-0.130831
-8.07307	-2.37153
-8.77018	-1.33203
-7.45064	-4.13172
-3.84399	-7.67818
-4.07618	-6.77515
-4.33265	-6.12661
-6.74474	-7.98333
-5.95508	-9.44547
-4.97938	-9.15641
-3.51505	-11.6629
-1.38205	-13.4913
5.55919	-15.1161
6.56827	-17.6445
5.71653	-18.4142
7.1424	-19.6767
5.73581	-18.9909
5.38265	-18.9785
5.0409	-20.6883
4.34598	-22.2942
4.9105	-23.8057
5.01584	-23.7341
3.67734	-26.605
0.877071	-25.9813
3.88347	-26.8529
4.72964	-21.15
0.75073	-15.1582
-0.950815	-19.96
-2.00902	-24.6505
-1.94487	-26.7511
-2.61205	-27.8406
-1.63564	-30.5957
-0.751474	-31.0469
0.595527	-30.9677
4.47986	-30.6194
5.26658	-31.9528
3.67736	-21.3483
3.38499	-15.6631
6.87603	-12.5028
6.78934	-14.2498
-1.66339	-16.8489
-7.52134	-12.0356
-11.1652	-5.89039
-14.9725	-1.15083
-14.2908	-7.35087
-6.00398	-11.8485
-1.54509	-8.16081
-5.34959	-7.3939
0.227182	-3.34128
-2.15414	-10.6219
-4.35861	-12.8779
-9.14887	-9.32851
-10.8167	-9.22324
-7.51325	-12.5557
-5.35833	-15.7006
-5.80157	-15.298
-5.03567	-14.2922
-0.737552	-8.21325
-0.204127	-6.88147
3.65674	-4.17023
-1.90033	-7.45683
-3.51483	-11.0293
-4.71408	-11.6247
-7.18716	-17.0553
-1.3704	-8.93761
-1.70281	-13.3711
-2.41345	-17.1819
1.50716	-21.967
2.38703	-21.4051
1.52988	-18.9506
3.56455	-16.5104
3.04487	-21.8012
3.9628	-21.1915
5.25636	-21.685
3.67973	-20.7691
4.43824	-20.0613
4.02835	-21.0132
0.246275	-17.4754
-5.67498	-12.006
-10.1086	-12.5392
-11.3518	-11.7251
-11.8247	-13.1954
-11.5911	-15.4616
-9.18308	-17.5118
-4.28737	-18.8937
-1.38979	-17.1212
-0.964482	-16.1736
-0.412897	-15.5582
0.559343	-17.0354
-0.399527	-15.7518
0.718498	-15.564
8.26517	-15.5053
6.61017	-19.3376
6.39776	-18.6541
7.30517	-19.6729
8.70277	-20.1345
7.53988	-18.4286
6.10487	-15.2926
0.989835	-12.6703
-2.00282	-10.2631
-2.1965	-9.75971
-3.49598	-8.58982
-3.1885	-8.53973
-3.49113	-7.18702
-4.54343	-7.82042
-2.2728	-12.2048
4.02191	-12.9882
8.42677	-12.5545
5.64738	-12.1457
3.78132	-7.68749
0.900918	-7.38039
3.43283	-9.76722
3.53699	-8.53797
4.18468	-2.24287
3.63331	0.13393
-1.88791	-4.57462
0.169037	-4.72336
0.920885	-8.80021
12.0941	-4.11204
4.64606	-6.72637
3.34802	-6.23752
2.53846	-12.5276
0.342696	-18.8055
1.99169	-22.6285
-3.57245	-19.1352
-5.21593	-19.9903
-5.7655	-19.4277
-5.71466	-18.0474
-4.67145	-16.7846
-3.05207	-14.1444
-1.44556	-17.4407
-2.5581	-11.9471
-0.688051	-10.6218
-0.902577	-12.9535
-3.01047	-3.50378
-1.12561	-3.61529
-0.152664	-4.98342
0.452218	-4.64422
3.21438	-4.8202
0.987454	-4.78692
6.60204	-9.31674
-1.37136	-6.79494
-6.58773	-6.45179
-10.0524	-5.09965
-10.5991	-5.01456
-9.33355	-7.42505
-6.88214	-10.4122
-7.37201	-10.0608
-7.80758	-8.62693
-11.8981	-4.13711
-10.8337	-5.50309
-5.90111	-6.88047
-2.50818	-2.55377
-6.27443	-0.633767
-11.0706	-7.17294
-13.7575	-3.86903
-15.4829	1.27655
-15.6469	0.836096
-11.7035	1.16402
-17.5247	-3.27862
-12.3605	-0.834673
-8.76494	-0.587115
-9.54968	-3.18445
-1.54988	-6.72497
-11.5005	-8.52935
-12.1836	-7.60358
-13.4294	-6.32096
-9.69775	-10.3408
-9.61029	-11.6305
-8.52684	-12.4206
-12.75	-9.60414
-16.6115	-4.73083
-17.6367	-5.30689
-18.275	-5.49946
-10.4833	-3.88698
-1.52196	-9.78726
0.00330318	-8.09295
-2.84984	-10.017
-5.75127	-13.8085
-1.2677	-13.3173
-1.15825	-8.54397
1.0577	-6.99757
-6.01884	-19.9438
-13.6784	-17.4021
-11.5941	-18.5791
-8.5923	-20.1225
-7.15252	-18.6649
-3.74283	-17.5647
-2.7506	-17.1487
-2.78656	-15.9306
-0.628126	-15.9328
-0.648685	-15.0524
-0.901799	-13.6931
0.997519	-14.4487
-0.036417	-13.3125
-0.588306	-13.3132
-1.22714	-8.6761
-4.39857	-4.46725
-4.91387	-11.9118
-5.05214	-13.4917
-3.30624	-16.8429
-2.84497	-17.0163
-1.62902	-15.8732
0.258705	-20.4116
1.32801	-23.0411
1.34166	-23.13
0.421709	-22.4992
-0.178103	-21.3969
-0.622799	-21.1868
-1.02083	-21.2063
0.127559	-22.0193
-6.95096	-20.8709
-4.61236	-25.0056
-1.61198	-24.7016
-5.49826	-20.8855
-4.60773	-19.5099
-3.13946	-20.191
-0.254245	-20.4876
2.07959	-18.8457
1.21161	-20.0143
2.6089	-20.1258
3.68183	-16.8472
1.95396	-10.5853
-0.452919	-5.48195
-3.42151	-6.00883
-4.69857	-5.77457
-7.2231	-4.8938
-10.6566	-3.5689
-6.1938	-7.74367
-9.74444	-2.1527
-8.69602	-6.34298
-7.57873	-4.63411
-9.24672	-8.22374
-7.86421	-4.07653
2.50528	-4.25186
3.56087	0.66769
0.263214	-3.78889
-1.3371	-7.12742
3.5276	-8.37211
1.76579	-8.10558
-3.59201	-9.12885
-3.96257	-3.41169
-3.72533	-11.9821
-2.80654	-7.86027
-7.03342	-0.766639
-7.18709	1.92326
-9.81794	-5.17977
-13.7183	-6.11225
-14.3838	-5.23194
-15.6046	-3.50348
-11.1319	-5.18875
-4.36657	-7.09747
4.74795	-14.9735
6.16005	-14.6826
7.24231	-12.2452
8.66325	-14.1995
7.4172	-11.3203
-1.80535	-12.5224
-1.78365	-9.12033
-0.105387	-9.367
-2.45447	-7.97472
-1.06404	-9.39177
0.963017	-10.9848
-0.449022	-9.44392
-2.08384	-7.09345
-3.37065	-5.58212
-2.54874	-7.40469
-2.13734	-7.87354
-3.12943	-6.47299
-3.57471	-6.42113
-4.58559	-5.89369
-2.43108	-8.02325
1.8719	-4.70838
-0.575365	-9.44195
-2.19303	-11.3501
4.13721	-6.18775
5.32575	-3.52357
0.176399	-3.30163
-1.30324	5.64278
-0.414983	-0.623389
-6.22673	-9.97029
-7.53354	-9.65928
-12.1949	-4.57609
-12.6475	-2.56213
-11.5877	-4.80909
-8.66445	-7.43731
-9.19269	-9.02946
-9.45805	-10.7767
-11.1821	-9.19449
-9.63453	-8.76117
-8.22377	-9.34023
-5.6942	-12.9419
-4.05821	-19.2816
-2.81041	-23.8098
-1.73574	-24.6287
-0.246214	-13.8699
2.583	-16.8071
3.54867	-18.4748
2.00666	-18.2436
0.617793	-17.5641
0.805441	-13.3604
0.33952	-11.5184
1.59332	-12.6629
4.20278	-3.7942
-6.21651	-9.85289
-9.68062	-10.2037
-9.2276	-7.40981
-4.79695	-7.53647
-6.1946	-6.1078
-9.75344	-6.27964
-2.59482	-10.5598
0.356627	-4.90818
1.57574	-4.05156
0.780758	-7.09095
2.83713	-7.41692
2.72755	-5.92837
2.95648	-8.47506
5.03065	-16.8496
2.33515	-22.6545
-0.481301	-22.7189
0.726394	-27.5906
0.498241	-28.5559
0.236213	-28.8447
2.78222	-24.1373
0.854745	-14.7591
-0.376395	-19.9288
-1.12875	-21.4302
-3.6596	-19.9978
-4.63104	-16.1167
-6.21555	-12.5878
-6.36024	-11.1805
-6.54292	-10.6228
-7.38621	-10.5223
-7.71651	-11.5399
-6.68742	-12.8239
-7.99076	-10.2352
-11.9199	-5.64657
-12.2301	-5.91381
-10.0771	-7.95554
-4.4924	-10.3349
2.38473	-3.60327
2.55871	-8.55874
-3.77472	-14.5384
-4.3385	-13.3002
-6.02125	-10.5096
-8.16924	-8.40431
-9.63698	-6.81905
-7.09205	-7.9023
-11.1793	-8.88534
-11.1729	-9.27638
-7.76654	-11.254
-6.83547	-13.1025
-5.65838	-9.57311
-3.80908	-5.86173
-5.76744	-8.6092
-6.11145	-7.5147
1.69428	-3.93371
0.429357	-5.26735
-2.38161	-6.66708
-8.37287	-12.4471
-5.87438	-12.6343
-5.60312	-14.556
-7.14804	-14.3952
-2.93751	-10.8005
-2.38134	-12.4006
-4.51916	-9.94007
-5.55135	-8.75976
-6.30388	-7.62702
-0.0291308	-10.7318
7.58826	-14.4282
9.26684	-14.0435
8.46323	-12.9381
6.7429	-12.301
0.94764	-11.3861
-4.93181	-12.004
-10.5523	-4.58126
-8.96733	-3.22882
-7.38899	-3.31599
-5.97842	-5.58694
-5.65622	-7.26277
-4.84016	-10.1959
-3.18862	-14.641
-2.57631	-15.2085
4.03694	-10.3776
-0.571297	-5.91084
-0.417703	-6.34452
1.46168	-2.17395
-3.48343	-5.04977
-5.09076	-8.74276
-5.02868	-13.0056
-9.92199	-19.2898
-0.52276	-23.2931
-4.54802	-23.1975
-2.79722	-25.5722
-3.5987	-23.2536
-1.19392	-23.084
4.93548	-25.0448
4.73324	-19.7581
5.01395	-15.094
1.51878	-12.3191
1.70378	-12.2305
5.2822	-11.7906
5.1048	-11.3318
4.31794	-10.2713
4.24017	-12.279
5.21695	-13.4178
5.20798	-11.9346
6.33994	-7.97562
1.00213	-10.7558
0.124638	-12.8573
-0.0328821	-19.1185
0.228974	-21.0498
-2.16473	-17.773
-4.08171	-13.9976
-4.90254	-11.9115
-7.00563	-9.27319
-6.79504	-7.34506
-0.090803	-6.08694
5.84918	-8.09626
3.32152	-13.1824
-2.95941	-14.3365
-3.6948	-10.9865
-2.09024	-8.28848
-5.59983	-13.1073
-8.60026	-10.3955
-7.40323	-8.85821
0.710906	-6.2064
1.85219	2.39524
-5.27058	-7.11929
-5.66738	-7.00527
-8.6905	-10.4019
-8.24082	-8.864
-3.17242	-9.47074
4.99781	-12.0535
7.05684	-14.1761
7.53725	-14.7001
7.17171	-14.2852
7.44947	-15.6009
7.11105	-13.8446
8.43813	-15.4939
7.69276	-14.9571
8.20519	-15.8689
7.78452	-16.4832
7.6795	-18.9625
8.73921	-18.6788
4.92455	-11.8078
-3.35758	-11.3245
-5.19326	-11.9241
-5.02353	-12.9458
-3.41891	-14.5798
-2.55379	-14.8814
-2.35525	-14.6491
-6.10054	-10.3681
-6.60818	-11.3579
-7.2379	-11.3758
-3.30751	-12.8919
-2.10989	-16.4482
-1.49451	-18.2751
-3.79211	-17.0388
-6.56952	-15.3061
-8.38572	-12.7307
-8.54882	-12.8667
-6.77798	-13.3096
-8.38983	-8.66052
-10.8229	-4.17627
-8.94604	-6.72906
-6.642	-3.66336
-5.16171	-4.20112
-9.9877	5.37222
-16.0487	1.70711
-10.0286	-1.55626
-10.4707	-6.09546
-12.6289	-2.53915
-16.6132	-6.45715
-11.5451	-5.97745
-2.77988	-1.10865
-8.89508	-5.56418
-14.8316	-3.76558
-13.7627	-3.31028
-11.586	-3.88037
-9.38391	-5.45383
-10.5993	-4.20157
-11.0742	-7.27082
-6.49964	-10.027
5.03441	-13.7086
5.63663	-8.84494
5.36311	-5.61767
-5.66979	-2.44259
-8.85385	-7.86259
-8.73336	-6.90281
-8.12506	-9.27153
-8.23899	-9.76269
-7.80701	-7.01084
-6.76635	-5.49964
-4.67841	-5.46159
-1.06549	-6.17309
0.605569	-5.81907
1.31732	-6.07862
2.10777	-6.28041
2.79426	-7.11556
5.02938	-9.48164
6.13376	-12.201
2.45676	-11.6137
5.28055	-14.8956
3.5973	-14.7916
5.61295	-16.5562
4.55515	-8.31093
5.9361	-14.5282
1.57663	-9.37644
2.84026	-13.7326
2.33925	-12.5979
0.84699	-12.3113
2.04393	-9.94311
1.4629	-9.7806
7.82489	-6.24772
8.22531	0.40895
9.0371	3.23069
4.01137	-2.12286
4.89745	2.51848
1.11563	4.16092
0.331439	-1.29324
4.51726	-1.72139
1.39555	0.0241258
0.114891	-4.80487
0.680251	-7.51491
-1.30009	-3.93454
-2.01178	-7.21075
0.195124	-7.09527
1.20444	-2.06394
0.182037	-3.13889
-3.97069	-3.80301
1.54754	-3.19832
0.411923	-6.7338
-2.43657	-1.52831
2.33741	-2.83156
1.28427	-9.34058
4.29453	0.220051
2.29938	1.69973
1.24472	2.04954
4.48891	-3.34656
-9.70464	-18.5229
-11.2003	-21.5011
-9.34392	-25.404
-7.91117	-21.7269
-7.37245	-18.878
-2.59145	-15.722
-1.72706	-13.7944
-1.8524	-12.9053
-0.640718	-10.8327
0.379476	-9.41543
0.723125	-10.9884
0.252542	-10.8954
-0.354102	-10.5557
-0.686004	-10.1384
-0.378489	-10.6044
-1.51228	-12.0997
-4.79642	-14.2671
-8.59754	-13.0261
-10.1968	-7.72276
-11.2993	-1.52898
-8.71929	-0.945148
-7.99028	-1.23883
-1.87721	-4.42942
2.46339	-2.11015
-5.4568	-5.25596
-8.23602	-0.803327
-4.47106	-2.86137
-8.47545	-4.95623
-10.0181	-7.31991
-8.10346	-14.1925
-7.6617	-12.4607
-5.24657	-10.622
-1.26018	-17.5542
-3.65185	-15.8085
-6.54525	-12.1689
-3.71272	-15.2225
-3.80331	-18.5978
-4.69935	-20.7858
-5.21288	-24.1732
-7.2253	-25.6482
-8.0423	-27.1938
-9.61747	-25.3857
-8.25854	-24.9823
-3.76171	-13.7867
-3.12806	-14.3281
-3.74001	-16.0177
-2.2667	-16.5179
-1.57694	-16.0004
0.790899	-14.835
2.75618	-13.307
2.3383	-13.747
2.85046	-14.585
1.57485	-7.16926
1.29385	-23.2292
-1.56135	-18.1982
-3.61494	-18.5377
-3.90859	-16.0124
-3.08618	-14.6277
-4.01972	-14.817
-5.51345	-14.2799
-8.06304	-12.7586
-8.32568	-11.9938
-6.5	-10.3203
-5.97361	-10.5394
-5.03386	-12.4131
-2.91049	-15.3954
-2.4985	-13.4864
-2.11161	-9.29778
-0.392451	-7.79134
0.56388	-11.0991
0.828298	-4.34558
-9.81738	-3.35401
-19.0043	-4.99278
-11.6214	-5.86022
-5.72819	-8.46318
0.190717	-1.52374
-3.29389	-0.869961
-5.10096	-10.9428
-4.9864	-14.8818
-1.21283	-10.6635
-0.52685	-12.3655
-2.58224	-13.5742
-4.91303	-14.3918
-5.49998	-14.9022
-6.97042	-12.3832
-7.84627	-9.23482
-6.49236	-8.55898
-4.07745	-9.95512
0.0296406	-14.9253
3.75699	-19.169
3.62243	-17.9683
6.15819	-19.7751
8.37357	-19.9643
9.41575	-19.9566
4.34125	-15.0494
-4.44869	-7.52557
-0.0908921	-11.4085
-1.45155	-9.76278
-0.81009	-9.84644
-0.671385	-10.119
-1.60596	-10.0393
-1.32682	-9.81485
-2.06553	-10.5858
3.46936	-3.44149
-5.92931	-1.00213
-11.413	-4.8677
-11.5007	-1.83523
-7.15388	-3.57419
-7.12318	-5.69783
-6.90738	-9.77866
-5.7693	-8.37561
-7.48841	-16.634
-3.83147	-13.4533
4.82129	-10.4247
0.15753	-19.1194
-0.850825	-18.043
1.08671	-19.9063
-0.387579	-18.4817
-0.723487	-17.0315
-2.76591	-14.962
-3.91089	-13.9479
-5.18248	-13.8371
-6.04284	-12.4739
-5.31005	-12.4845
-3.87331	-13.5271
-3.65839	-12.7858
-5.23361	-10.2501
-6.50341	-8.44296
-9.24195	-4.39978
-10.2659	-5.41637
-8.0017	-10.0737
0.223562	-20.2011
4.24978	-17.6348
2.11864	-16.8257
-4.25849	-12.5334
-6.72098	-8.98454
-3.61964	-8.34034
-6.40029	-7.03348
-7.87324	-9.40511
-4.52589	-12.6365
-3.25754	-13.6993
-5.76823	-12.2287
-3.55766	-10.5794
-3.1027	-12.0147
-2.04369	-14.2725
4.67008	-16.4247
3.91991	-15.5885
-0.61117	-15.6766
2.69268	-14.6254
7.91095	-12.036
2.2191	-15.1234
4.78766	-18.9383
0.228895	-16.0871
-0.257967	-19.8782
-2.09562	-17.5504
-2.85094	-20.5033
-5.19717	-18.5318
-4.76643	-20.6718
-3.38683	-21.2886
-4.45556	-21.4757
-5.41117	-19.9486
-2.38506	-21.1806
-2.01866	-23.1368
-1.2997	-21.9994
-0.813329	-19.8122
0.690293	-19.2574
0.215816	-21.0585
1.46344	-14.5843
3.24227	-14.086
5.18639	-13.8008
7.31111	-12.7244
12.3694	-6.80879
6.79453	-10.3835
6.69668	-3.23744
2.75811	-5.23925
1.42402	-4.40344
0.943379	-6.05691
1.81822	-4.6676
0.488741	-5.50155
0.100854	-9.22322
-1.61262	-6.14208
2.01393	-6.75804
0.68885	-7.2224
2.56433	-1.144
-0.42755	-5.77449
-1.00422	-2.14039
1.16662	-5.24236
1.51515	-2.74945
1.08034	-2.61239
2.05043	-5.22459
0.586511	-4.08332
3.32064	2.45278
1.1482	-5.34724
0.362851	-2.0068
0.322642	-7.35809
2.9669	-4.81972
-2.87251	-22.0592
-4.38323	-27.5946
-0.00178263	-20.1068
6.34438	-16.7359
0.967254	-17.7843
-4.04099	-21.5092
-2.63063	-24.8372
-3.24294	-26.3832
-1.64922	-22.9036
-2.29119	-10.6677
1.88251	-6.10111
-2.38781	-2.17031
-9.13386	-3.37961
-9.70894	-6.27715
-7.46496	-4.44837
-9.20305	-2.90048
-5.64203	-10.0058
0.725624	-8.00956
-1.84974	-10.3592
-3.3682	-13.1439
-4.32689	-13.6546
-3.14319	-13.9369
-2.82288	-13.8139
0.813784	-18.0152
1.97752	-20.2841
1.98928	-21.9499
2.37196	-19.1672
-1.53772	-14.31
-1.67529	-12.9566
-1.3784	-13.6336
-2.33999	-12.3089
-0.904022	-11.9861
-3.42116	-10.8377
-2.89222	-10.171
-0.299972	-14.0695
-1.43531	-12.0474
0.622757	-16.3153
1.81465	-23.1261
5.834	-25.4295
7.76963	-26.5119
6.7778	-27.8366
3.81673	-24.1655
-0.0560853	-21.3708
-3.07806	-17.8926
-5.55164	-16.6208
-7.64736	-14.1056
-9.57529	-12.1995
-9.97205	-10.6672
-10.7434	-9.10873
-8.79313	-7.54948
-6.92106	-4.26487
-4.1175	-6.12275
0.726791	-11.9001
0.908692	-11.6906
1.06336	-4.03128
-1.94114	-8.14046
-2.36973	-14.6752
-3.99266	-12.2056
-6.43627	-12.3694
-5.17482	-14.0369
-4.71938	-16.0998
-3.80412	-17.8611
-3.73096	-19.6099
-2.20263	-22.0484
-0.960124	-23.1097
1.23155	-20.6287
-0.52244	-20.7173
-1.58453	-20.603
-3.45565	-18.848
-2.20002	-21.8615
-1.40078	-19.7255
-1.43214	-13.0297
0.718779	-11.9856
7.13759	-8.77572
3.98151	-4.52855
-0.673026	-15.1762
1.40961	-11.3365
1.85712	-11.4224
4.21094	-23.3646
-0.890271	-25.1474
-4.37521	-22.3069
-1.56853	-20.7551
0.320344	-18.5737
2.23986	-15.0654
2.51348	-20.9207
4.18249	-20.0267
5.47891	-20.8113
6.53066	-20.1386
7.71872	-19.8611
7.60315	-19.6169
8.52385	-19.6824
7.70994	-17.5029
3.5406	-13.4295
0.415901	-12.9911
-0.203623	-12.1958
-0.015382	-16.9162
-0.616813	-17.403
-1.4485	-19.499
-3.81844	-20.9412
-3.80712	-23.256
-4.68907	-24.1583
-5.58967	-25.5276
-2.74332	-25.9698
-2.83377	-24.4848
-2.82307	-23.5142
-3.79068	-22.5122
-4.17562	-23.0909
-5.38256	-25.0121
-4.81265	-24.3214
-4.81245	-25.0187
-5.1686	-25.2127
-4.22435	-27.3711
-2.924	-28.3402
-3.01986	-25.6571
-2.14763	-22.1874
-1.14107	-21.0904
-0.511204	-18.0539
-0.804383	-14.1662
4.28055	-13.7182
8.39552	-14.5659
5.88912	-9.37578
3.60233	-6.38696
4.5009	-9.1707
3.52584	-9.43285
8.18064	-13.1753
3.37427	-11.1525
8.25602	-11.8494
6.16411	-7.69445
6.15107	-3.28838
5.80476	-10.9099
5.28869	-9.00255
1.81236	-8.26363
-1.33863	-7.30213
-0.803078	-5.40503
1.67717	-12.5083
2.84245	-8.15253
-7.3668	-7.07029
-10.1645	-7.41506
-6.72584	-10.435
-5.16191	-12.0487
-6.7041	-11.2885
-6.01949	-14.1179
-4.05356	-16.8447
-3.65079	-15.9993
-0.675251	-11.8873
-4.6847	-8.52807
-7.06617	-9.52221
-3.50412	-8.5742
-3.7126	-12.8481
-5.33222	-8.8313
-6.36951	-8.39107
-15.2295	-2.79691
-14.159	3.68525
-13.7558	-3.44727
-9.36592	-7.60316
-4.27631	-6.22773
-6.51501	-10.5077
-4.77495	-11.9235
-4.18347	-8.96378
1.71151	-2.10851
2.87292	-1.56958
2.3943	-6.22731
0.338347	-0.882686
3.05392	5.50712
-3.34976	-8.02239
-11.4282	-10.5358
-14.3066	-10.2135
-12.768	-10.8611
-10.9435	-10.1991
-10.7345	-7.00952
-5.44101	-12.2175
-4.60139	-6.27923
-5.54815	-0.618749
-8.68441	-4.7027
-13.7612	-2.3718
-13.4042	-3.88955
-16.0141	-4.96447
-11.3983	-6.99643
-14.4924	-10.2405
-15.5633	-10.369
-7.16767	-12.9834
2.19962	-18.3722
0.860481	-24.0099
-1.95308	-24.7215
-2.10637	-24.6407
-2.94256	-25.4998
-1.52329	-26.9575
1.64025	-28.0097
2.57174	-28.8327
5.04919	-26.7764
7.09779	-20.62
3.33668	-12.1684
4.59394	-8.35415
4.77259	-10.8135
1.59021	-5.85736
3.2264	-6.13703
4.56281	-11.6817
6.38783	-9.82581
7.89182	-12.1886
2.56959	-11.9273
3.12247	-19.391
7.01629	-23.8945
4.72219	-20.2298
4.30635	-18.5133
2.22014	-16.6789
0.880714	-15.6708
0.173365	-15.5348
-2.46029	-14.6714
-6.24486	-9.45882
-2.91719	-6.15696
-7.29455	-5.25643
-5.93632	-9.16684
-7.58427	-4.72737
-3.05231	-2.95975
-1.98931	-6.91828
-0.887831	-8.3009
-4.8714	-11.6971
-6.36963	-11.5234
-5.71676	-6.75687
-0.238688	-5.49677
1.64472	-7.73274
4.2482	-5.94748
-1.15953	-0.761013
-7.4715	-7.60548
-7.95949	-6.927
-10.3476	-2.89073
-5.55	-3.81063
-12.2626	-0.215861
-12.6751	-1.62499
-12.5435	0.244919
-12.447	-3.54354
-12.5528	-1.42747
-16.4474	-4.05544
-14.6583	-4.42878
-15.2533	-2.13918
-16.2335	-1.79536
-11.8681	-2.67528
-13.8575	-1.87632
-11.0214	-4.35261
-2.82117	-0.724386
-5.12098	-2.8332
-0.0492902	-0.776637
2.92672	-3.35666
2.21084	-3.99914
-0.548929	-5.2532
1.75663	-0.681838
3.11397	-10.9887
4.29864	-6.65238
0.00829944	-9.49948
-0.858128	-0.748582
1.25447	-2.38835
1.68299	-4.14047
1.28983	-4.54042
4.527	-1.31816
1.27899	-3.56856
0.111595	-2.04668
1.2878	-3.29448
3.20879	-3.25225
1.85909	-2.91678
3.85286	-5.06721
5.68451	1.05493
-0.909335	-3.72888
2.56247	-2.16113
-2.36436	-4.1105
0.817253	-6.7074
3.38159	-5.2867
-3.84824	-13.3877
4.16736	-4.62995
-0.456014	-5.00451
-12.3678	-13.7284
-4.22679	-11.2934
-10.084	-18.5605
-9.47137	-21.2544
-5.59068	-17.485
-3.56457	-14.3362
3.53953	-6.89322
-13.3046	-14.944
-12.467	-17.806
-10.282	-21.4068
-12.3582	-17.3646
-7.72766	-22.209
-9.05212	-19.6898
-8.39665	-19.4347
-5.35445	-19.0349
-2.44028	-19.2593
-5.74481	-9.63558
6.2068	-11.04
4.59129	-5.80051
3.77631	-7.42813
3.20057	-12.8734
4.6832	-9.38032
0.300786	-7.2624
-8.9837	-14.4151
-9.09266	-12.1795
-5.99847	-14.6337
-4.47581	-26.0408
-4.45314	-27.4295
-5.48896	-26.667
-5.25311	-28.9671
-4.55124	-27.5363
-2.05297	-28.0516
-2.09904	-27.8467
-1.87696	-29.1012
-3.79861	-29.3223
-4.83629	-28.1962
-8.413	-25.3448
-13.1394	-20.4015
-13.6788	-14.1638
-5.37993	-15.6666
-0.436365	-17.1822
-1.98602	-18.5
-4.00867	-19.4296
-2.66458	-19.5171
-5.1071	-18.439
-4.88794	-18.506
-7.25815	-27.0946
-5.09889	-28.017
-3.27052	-25.9875
0.869377	-24.0016
2.11205	-18.9826
0.124972	-20.9819
-3.22082	-19.6816
-4.74878	-19.5738
-6.0013	-16.7984
-8.79641	-14.5519
-8.19922	-18.0102
-4.16908	-23.5773
-0.531456	-17.0647
-1.5882	-6.33549
-0.919668	-7.86414
-3.41519	-12.2938
-8.40587	-9.9283
-5.5495	-5.25802
-8.00427	-12.9006
-7.08335	-17.9998
-3.60855	-15.4137
2.5554	-9.99991
-1.85897	-14.2578
-6.93401	-12.7908
-8.56835	-10.3391
-5.20172	-13.6311
-4.22442	-15.8023
-2.77876	-15.9267
-2.84933	-12.9457
1.74398	-7.9059
0.828981	-11.1687
4.3379	-16.6588
3.0526	-17.1916
2.83077	-19.7894
5.5208	-21.8362
6.94545	-23.2825
6.85588	-21.207
6.79618	-20.9609
10.4616	-21.3471
11.3625	-21.2321
9.70523	-21.1003
4.48853	-16.1611
0.954585	-20.9804
1.15658	-25.4973
0.230883	-27.0504
-1.69301	-25.7879
-2.05098	-23.8359
1.95534	-18.8505
1.11774	-17.0366
2.57092	-18.6605
0.21941	-13.5684
0.323397	-11.2849
-1.54166	-11.3759
-0.546266	-7.44878
-5.49944	-6.29546
-3.9005	-3.55734
-3.50828	1.26624
-2.5941	-3.84994
0.708231	1.87974
1.33039	-2.85302
6.63939	-2.54479
0.0306301	-16.0085
-3.15228	-9.69178
-7.11871	-10.1463
-8.43697	-10.7526
-7.50717	-12.4712
-7.62475	-12.8756
-6.38786	-15.1772
-8.10785	-15.767
-8.54	-16.1561
-7.85659	-15.839
-7.25091	-16.1457
-6.52306	-16.837
-5.49509	-16.449
-5.596	-16.2362
-4.86911	-16.5431
-2.20149	-18.1373
-1.08962	-16.7833
-5.85939	-9.50485
-9.8497	-7.73072
-9.38733	-6.32458
-4.8759	3.96063
-7.68293	4.02178
-13.176	-1.54361
-13.5348	0.063896
-5.94936	-4.06469
-3.44524	-1.75453
-1.89633	-9.13532
-2.67073	-6.88829
-3.34166	-0.377974
2.78426	0.0942632
-5.42108	-6.80921
-7.55923	-2.26619
-3.21963	-5.23022
-4.80563	-7.0917
-2.04743	-10.7807
7.41937	-13.4219
8.65917	-14.1314
8.03934	-14.3437
8.60637	-12.5518
10.0447	-12.0054
8.39508	-11.6852
4.57548	-9.6497
2.76307	-8.77676
3.99263	-8.63361
5.79311	-11.3527
7.87508	0.08792
2.90206	-5.15572
-2.70451	-9.08416
-5.31359	-12.2915
-9.44057	-16.7004
-5.71452	-13.2566
3.38531	-17.8018
-3.02396	-18.0822
-0.914687	-13.6537
-2.59221	-14.5638
-4.1504	-17.2808
-4.40246	-17.6706
-1.98436	-19.7199
-0.573748	-19.9736
0.173013	-20.2871
0.455542	-21.8703
-0.422215	-20.5795
0.385559	-19.9674
0.954701	-21.3376
0.418226	-19.6672
2.33237	-17.8533
5.9949	-11.5839
4.05021	-12.3734
2.81365	-10.5199
5.11001	-12.8503
3.24657	-11.462
5.52864	-11.5452
4.8014	-14.2647
1.09045	-11.7325
-4.303	-15.0004
-8.9861	-11.515
-10.2787	-10.353
-7.12431	-13.795
-6.52729	-8.7941
-9.07348	-11.6947
-6.97586	-14.3304
-3.02309	-11.5216
-2.75081	-11.934
-3.71831	-7.13143
-6.02032	-9.00585
-9.84998	-13.4043
-10.0299	-12.1763
-14.4256	-9.44023
-11.4497	-6.92376
-6.58875	-9.3625
-8.00679	-13.0765
-5.31639	-10.8278
-1.60452	-6.89061
-7.21846	-15.3192
-8.41435	-15.083
-11.8406	-9.03372
-8.11532	-9.54866
-2.28552	-7.45374
-4.00876	-5.37236
1.0008	-4.11071
-2.54954	-8.08567
0.890189	-7.40267
-6.63623	-7.84439
-1.09835	-9.48187
-2.89014	-8.73877
3.26206	-4.52355
1.71607	-6.60384
0.402601	-6.33345
0.776714	-7.1293
0.31936	-12.8529
2.62945	-4.49457
1.64611	-5.71904
-1.50569	-4.12411
1.16184	-5.49779
-2.75835	-5.47325
-0.0586353	-6.05104
1.44547	-4.13433
-1.4507	-2.92817
2.74126	-4.2314
3.49266	-2.35436
4.78381	0.495415
0.735425	-0.824685
-4.69924	-4.48675
-4.89354	-8.01142
-8.72281	-8.84772
-3.88252	-1.8629
-7.45652	-2.37976
-11.6267	-7.58729
-10.3052	-11.5786
-3.20682	-11.2402
1.60932	-20.7513
2.4156	-24.0597
3.3147	-27.4784
2.49816	-26.7673
3.03076	-26.4759
4.05486	-25.051
3.4893	-22.5906
0.846452	-14.329
-1.65445	-11.1128
-2.51186	-6.04521
-3.3691	-2.45301
-8.88841	-8.0603
-8.75082	-8.63115
-9.86113	-13.2259
-12.2411	-9.35803
-3.93224	-8.10024
-3.46735	-14.7753
-7.39581	-11.1316
3.54609	-12.5877
-1.65497	-18.837
-1.27395	-17.2824
-1.01615	-14.4555
-0.937054	-13.1028
-2.69857	-10.1632
-2.52023	-10.0368
-2.58098	-8.77156
-2.21546	-7.84501
-0.669045	-9.27399
-0.177298	-10.4818
0.346852	-11.9184
0.751945	-14.1307
1.58858	-15.2031
0.688425	-17.8416
0.0352555	-20.2279
-0.943685	-21.0789
-0.394184	-20.4488
1.62939	-20.0517
1.40528	-17.5327
-0.474117	-17.5108
-2.97885	-17.3883
-0.404359	-17.5853
-1.74235	-19.681
-2.71476	-17.0684
-3.23987	-11.8539
-2.52413	-15.5855
1.19409	-21.2602
4.33418	-14.0515
-11.5499	-5.62748
-9.02337	-1.70362
-8.24642	-0.660391
-11.4204	-1.77064
-16.1685	-4.40335
-13.4836	0.663967
-14.9344	-8.74776
-11.9779	-8.95508
-4.94632	-0.287144
-3.08237	-9.66158
-3.5042	-23.425
-3.31071	-15.7277
1.5357	-4.92888
-2.72273	-6.81215
0.979637	-4.25106
1.26441	-5.59154
5.72889	-10.6127
2.02494	-4.53522
2.12409	-3.55434
-3.32381	-8.24384
5.02017	-8.54549
4.69792	-9.86083
-7.70988	-12.7593
-8.23758	-16.864
-6.9929	-19.9727
-7.39644	-18.695
-6.19136	-18.9494
-1.7905	-16.7401
4.79123	-15.3425
4.18947	-14.1949
5.11708	-12.7287
4.88496	-11.5986
4.76318	-13.0815
5.02064	-12.44
7.64661	-11.3847
8.06013	-12.1357
8.6558	-13.3175
10.2005	-15.7745
7.68179	-14.0482
9.79013	-15.8129
11.258	-17.7319
8.90581	-16.6288
2.49121	-12.9622
-0.522053	-16.6914
-0.912798	-19.4618
-1.29068	-20.5702
-2.38627	-21.2644
-2.298	-22.0045
-2.84557	-22.5579
-2.93109	-23.2262
-2.53594	-23.7517
-2.83366	-23.4494
-2.85772	-23.6311
-2.45694	-24.2489
-1.62971	-23.8796
0.400756	-24.1283
-1.31798	-19.4453
-4.38989	-17.2873
-3.32638	-21.0118
-1.84328	-15.6844
0.118826	-5.76439
-5.86821	-6.91836
-9.33571	-10.0782
-3.05343	-8.60117
-8.60917	-4.78014
-2.8245	-4.91175
-7.53133	-5.50571
-10.4464	-7.09399
-9.23425	-5.12429
-6.56425	-7.01032
-8.92483	-10.0369
-11.3872	-13.46
-0.312865	-11.412
2.70822	-13.3856
-2.42314	-12.0423
-0.995939	-10.3552
-1.08867	-8.36815
-2.7228	-7.94594
-2.12951	-6.50437
-1.26655	-4.55037
1.57144	-3.31237
1.47043	-17.778
4.29639	-25.0848
6.31923	-7.85696
7.30935	-9.39728
-0.136595	-17.166
1.82222	-21.4727
0.541438	-13.8352
-5.79023	-7.50129
-8.8486	-6.78876
-8.61841	-11.4821
-6.24483	-13.6051
-5.8701	-12.1423
-8.87731	-8.28322
-10.5865	-5.65501
-13.7807	-4.85206
-11.7633	-2.97843
-9.9332	-5.01157
-4.33576	-10.2225
-1.45273	-17.7036
-0.392706	-23.5017
-1.39986	-24.6306
-1.25211	-25.6205
1.32824	-23.2472
4.96901	-16.3759
4.10929	-13.9066
3.42047	-12.0737
2.53119	-7.45543
4.6106	-12.1774
6.06773	-8.73581
5.89368	-10.8976
4.22184	-6.81253
5.36917	-9.08722
2.46796	-6.7732
2.8557	-8.02635
-1.61733	-11.3648
-3.52023	-13.7986
0.556018	-20.1173
-0.251029	-24.475
-1.00813	-26.5478
-2.08038	-25.2472
-3.93522	-24.2915
-3.56005	-23.9035
-2.52094	-23.5445
-2.55162	-22.6636
-3.86185	-20.9804
-3.79387	-21.2828
-4.29826	-20.5969
-3.35172	-22.1257
-3.74247	-21.8886
-4.49127	-23.4299
-4.64481	-25.4421
-4.0335	-24.892
-4.01141	-22.8277
-4.4795	-20.6933
-3.6669	-16.621
-3.37042	-14.8472
-1.15103	-15.2417
-5.01893	-11.3197
-2.73356	-10.2787
-1.37789	-11.079
2.31199	-8.25048
0.32126	-8.66603
2.13529	-7.79245
4.2791	-4.48354
-3.91759	-7.91813
-5.3431	-7.32218
-5.35116	-14.1787
-2.65873	-7.96209
-1.49557	-4.513
-3.17406	-8.58014
-5.85978	-4.61079
-4.04894	-7.6156
-5.94682	-7.08804
-8.30493	-7.78323
-9.25514	-12.8625
-10.8551	-15.2943
-4.73338	-3.759
-4.12369	-4.54399
-5.33293	-1.31157
-3.43741	3.03999
-4.93995	2.18396
-3.13107	-4.06791
-0.535095	-2.96255
-0.86558	-3.20631
1.41581	-3.63798
-0.348182	-3.66821
-1.82244	-6.27883
-0.599591	-5.30314
0.456039	-5.78424
-0.0754645	-9.66818
5.26439	-9.09382
2.16936	-11.4876
-0.547653	-9.14244
-1.36761	-15.1518
-1.78189	-10.5566
-1.21511	-16.6914
-5.27578	-20.481
-0.675744	-17.5221
2.97312	-20.3937
0.438962	-24.5347
0.0682535	-26.638
-1.92267	-25.3567
-1.34008	-26.3677
-1.66361	-25.9812
-2.62337	-26.5911
-3.85096	-27.9192
-6.11409	-27.3665
-7.40001	-25.7766
-7.62535	-25.1385
-6.81514	-25.9313
-6.04747	-25.9886
-4.20651	-25.9703
-2.48107	-25.9573
-1.12186	-25.9218
-1.46813	-23.4671
-1.02824	-21.168
-0.0550986	-22.2039
-2.3999	-19.6741
-1.65764	-20.3136
-2.67299	-20.3292
-3.2166	-20.1321
-3.43682	-23.4291
-1.71562	-19.6585
-0.591985	-22.7788
1.12238	-23.2528
0.750574	-21.0442
0.60537	-16.2273
0.525997	-13.2992
-0.127501	-14.5273
-0.934448	-15.6058
-1.36677	-14.6833
-1.60304	-13.9928
-1.68906	-13.0168
-1.63642	-12.75
-0.0531469	-12.8893
1.24732	-13.8128
5.7258	-17.9851
1.91048	-20.3615
-0.335756	-14.8743
-0.861304	-16.1078
-2.96824	-14.6964
-2.99378	-11.8515
2.24087	-12.4713
-0.949481	-4.59018
-7.7879	-5.66042
-4.25791	1.67765
-7.46765	-4.92599
-8.47922	-10.162
-8.97993	-8.55288
-9.14707	-6.63382
-10.6139	-8.42946
0.984657	-9.52711
2.264	-7.47959
-2.20663	-12.0698
-5.27674	-11.035
-6.4576	-8.74941
-5.97419	-10.1165
-6.47639	-10.2699
-6.67948	-9.2049
-7.9461	-9.24442
-8.08863	-9.24947
-9.56399	-9.20233
-10.7678	-9.23182
-9.27986	-9.30208
-3.74058	-4.49422
1.67867	-2.98904
-0.626736	-2.69414
-4.94072	-3.33275
-7.66761	-12.1171
-5.7792	-7.01103
-2.12663	-6.84285
-10.4107	-8.7201
-12.2973	-6.94973
-10.4452	-10.5359
-9.50207	-11.8529
-10.1305	-11.6793
-9.0721	-13.3563
-7.62997	-14.3424
-4.05652	-13.6904
1.38215	-9.5382
-0.018226	-8.98853
-0.851059	-6.9539
0.935685	-9.54273
-5.36294	-4.04061
-0.929092	0.562832
-4.60337	7.18169
-7.06169	4.24197
-7.41003	3.89202
-7.16552	-3.66578
-2.78273	-6.32476
-1.17621	-10.7276
-1.88193	-12.3188
-3.78445	-12.1681
-5.23409	-12.8042
-2.50037	-17.5891
2.36464	-20.6873
4.08406	-16.5265
0.776788	-18.1448
-0.806999	-17.7352
-3.45491	-13.9752
-6.52239	-8.91365
-7.43018	-5.46128
-4.50168	-7.1763
-5.81898	-5.80604
-5.03302	-7.14867
-3.76809	-8.70584
3.30084	-19.7723
3.50261	-20.6653
2.19729	-20.1876
3.28019	-19.6428
-1.03726	-17.6402
0.138049	-12.246
3.05015	-11.2669
4.23941	-7.31018
-5.93397	-5.19228
-9.49253	-14.8124
-7.39055	-12.8125
-1.88831	-5.30688
-7.13843	-7.81129
-8.78676	-10.2829
-9.94728	-10.1415
-10.2686	-10.2275
-10.5507	-9.83821
-10.0647	-7.93439
-5.48312	-2.50428
5.57352	-7.67123
4.27255	-4.97214
2.32202	-7.28713
-4.05275	-17.6043
-5.79818	-10.6529
-6.309	-13.5352
-3.35157	-12.9821
-0.454797	0.985705
-9.6156	-9.95109
-10.072	-7.29881
-8.95399	-7.41357
-9.82282	-6.74515
-9.29386	-8.91884
-6.55213	-12.2986
-5.58918	-12.8539
-5.31835	-12.8533
-4.19601	-13.1058
-1.27695	-13.0659
-1.43323	-13.1809
2.1505	-13.5408
2.88813	-11.5144
2.23107	-11.0994
4.20913	-10.644
3.2111	-9.03332
4.1881	-4.78646
-2.67532	-10.9348
-9.46994	-21.4293
-1.16886	-21.8798
0.525989	-22.6275
0.543159	-19.7267
-2.67914	-21.1156
-2.00983	-23.3676
-1.06513	-22.9657
-1.05249	-24.6149
-3.44004	-19.8858
-2.4234	-20.3589
-3.20593	-22.114
-2.25823	-24.6136
-2.41072	-25.5841
-3.07881	-25.7189
-5.08002	-23.5417
-3.57719	-23.9992
-4.11627	-25.2161
-3.22923	-19.6775
-5.01338	-11.927
-2.39589	-10.0508
-1.87067	-4.70226
-0.0956779	-3.28516
-0.585802	-0.774352
-0.881403	1.65848
-1.82744	6.19357
3.24975	6.90756
0.207576	1.89513
-1.04322	2.77681
-5.5471	1.86436
-2.48277	-0.465312
-4.41555	-3.43843
-0.0364523	-2.18584
0.408202	-1.61376
2.29588	-9.22372
0.173877	-3.4703
3.65495	-0.872284
-0.778409	-3.71712
-2.36874	-7.09661
-2.52901	-7.9366
2.1957	-3.30808
0.773544	-5.17055
-1.26394	-6.84642
-1.1453	-7.5657
2.07984	-10.2137
1.87017	-6.08943
-2.00131	-6.47306
-0.399842	-4.43507
2.21666	-6.50001
-6.12336	-3.3438
-2.0217	-3.97317
-1.39808	-3.31895
1.83071	-4.06987
-0.232119	-8.03218
2.48313	-5.93466
0.0115192	-4.45385
-3.00624	-6.39889
-7.13187	-11.2752
-4.5076	-13.7679
-2.5274	-16.3633
-0.827354	-17.1509
-6.84862	-14.1471
-8.27687	-13.5637
-5.5668	-14.9781
-7.75181	-13.4452
-8.65838	-11.1165
-9.05891	-10.6941
-7.87019	-12.2173
-7.90464	-11.6617
-5.19163	-10.7404
-5.85666	-10.9035
-3.73258	-1.24381
-14.1826	-2.76975
-9.32074	-0.486938
-10.741	-7.05802
-11.5372	-7.02972
-9.51187	-10.1817
-7.37919	-8.52992
-7.20766	-8.46365
-7.79044	-10.4255
-9.16715	-10.6235
-9.97978	-11.9809
-7.36053	-14.2898
-4.75384	-16.3229
-2.68286	-14.8778
-3.75154	-9.18224
-4.55512	-8.66733
-6.19554	-9.3973
-7.8825	-8.66348
-8.75566	-8.85594
-8.61049	-7.64468
1.73363	-7.62139
-0.564993	-11.7345
-2.07764	-9.98276
-1.1327	-14.0399
-2.88004	-12.26
1.11041	-9.49821
1.20075	-12.9518
-2.74795	-8.01986
-5.02424	-9.53302
-4.85244	-10.2271
-4.22868	-10.4738
-2.2846	-11.7981
-2.11332	-11.383
-0.460943	-12.4555
-1.73249	-11.3363
-3.04561	-9.55404
-6.28353	-6.95281
-3.74184	-7.81242
-3.85815	-7.42525
-4.25561	-8.03585
-3.95954	-8.83702
-0.215817	-14.8292
-2.85683	-12.8006
-3.32817	-13.1277
-3.04179	-12.8227
-2.63667	-11.773
-4.55325	-7.87045
-4.5759	-4.66434
-0.170457	-4.73709
-4.87187	1.58953
-4.45913	-1.89635
-4.84649	-2.58642
-4.63845	-4.72561
-3.56976	-8.16599
2.57686	-0.69414
-4.22452	-10.0809
-7.10419	-5.60234
-9.69998	-8.53492
-9.22828	-10.198
-5.2292	-12.1571
-1.91729	-9.45949
-5.61634	-4.23215
-5.61763	-2.13621
-7.45541	-4.9036
-6.96063	-1.23389
2.46082	-3.4712
3.34562	-6.07513
2.56156	-12.2738
2.24699	-9.62704
-0.436839	-5.56156
0.58691	-12.0387
-2.26736	-11.9403
-9.99447	-13.2615
-0.0422927	-18.771
-2.65677	-18.0773
0.391761	-22.7243
-1.44486	-23.2688
-0.675375	-25.5419
-0.866206	-25.955
0.0913564	-26.7845
0.317796	-27.66
-0.312738	-25.8973
2.15756	-23.1907
1.5795	-17.2928
7.57734	-8.8248
5.70609	-15.1485
-0.721748	-16.8896
-4.75043	-14.863
-3.86468	-10.4324
-6.3631	-6.84872
-4.71791	-6.07039
-3.75747	-9.14612
-4.98072	-9.24248
-0.724543	-17.9149
-5.52226	-15.4152
-6.41552	-15.0159
-7.91841	-13.9253
-6.33922	-14.4177
-6.63143	-14.2589
-7.8176	-12.1902
-7.9642	-11.9918
-8.38314	-10.325
-8.9623	-9.29602
-0.0582135	-4.45738
6.25514	-5.27965
-0.595783	-9.88679
-2.59543	-9.27387
-3.62671	-8.81487
-5.89984	-7.65717
-7.49236	-14.5367
-6.22673	-13.9362
-1.56053	-10.866
-5.06393	-11.7463
4.64003	-22.2575
10.8529	-21.1895
3.86215	-19.6451
8.2297	-21.3632
1.81353	-22.7777
-0.270423	-21.8668
-2.63468	-19.806
-0.0938072	-22.523
0.315661	-23.5858
1.59218	-23.2862
3.28211	-23.3534
3.36754	-23.2969
4.3205	-23.3555
3.75409	-20.1999
5.49957	-17.5923
7.61912	-14.6199
7.7892	-15.6274
4.88977	-14.1823
5.00772	-13.3283
4.56894	-12.7912
4.24302	-12.22
4.33051	-14.9594
0.342056	-18.3512
-5.68719	-18.8774
-7.35507	-17.3609
-8.59725	-15.8559
-12.3344	-11.9253
-7.06575	-15.9473
-6.98419	-18.5521
-4.69419	-18.0293
-4.33312	-16.8424
-1.1774	-14.7864
3.77616	-9.63799
-2.22038	-5.27993
-2.61824	-1.69603
-10.6597	-4.75696
-10.3587	-5.50573
-10.0398	-1.88337
-14.8912	-3.61186
-16.6589	-4.03863
-9.41198	-4.18456
-11.3475	0.473501
-11.7818	-1.34835
-13.942	-3.54604
-9.93075	-6.63105
-7.80094	-8.22303
-7.37304	-10.4185
-11.1241	-4.23572
-9.67123	-3.15931
-9.50793	-8.04972
-7.46374	-4.63427
-6.89908	-5.99725
-5.16784	-2.91832
-3.68681	-2.79056
-0.142483	-4.9401
2.21523	-3.16836
-5.32909	-7.65349
-1.55265	-7.27986
-1.11931	-8.58433
3.3386	-0.327829
-3.99783	-12.1224
-1.22933	-13.785
1.69821	-13.9186
5.33273	-12.6887
5.50922	-15.8422
6.90371	-17.6346
6.93547	-17.8008
4.23996	-16.5446
1.46027	-14.8277
-1.23073	-10.2366
-0.951161	-11.1155
-0.237902	-2.499
-0.359351	-4.94475
-5.93281	-10.7087
-10.8799	-6.4293
-12.608	-4.23538
-8.60995	-7.81046
-5.58008	-10.8214
-5.49177	-11.5706
-7.98868	-10.502
-4.2213	-14.8637
-4.8248	-14.8589
-4.70382	-12.7161
-2.05382	-12.4919
1.49644	-14.0066
7.02743	-17.2961
7.71649	-17.0296
6.83623	-17.1172
7.21234	-15.7977
1.56827	-14.4789
-2.57497	-14.4366
-7.47862	-8.99205
-7.11256	-9.60018
-9.43048	-9.30526
-10.7251	-9.76366
-12.3923	-8.84637
-14.4044	-9.78892
-16.4084	-9.41954
-17.5083	-9.69422
-18.2614	-9.5572
-18.3405	-8.71039
-18.1463	-8.59796
-18.3331	-7.09613
-17.2252	-8.06062
-14.634	-7.59172
-13.7337	-5.43201
-11.632	-5.78354
-12.3926	-5.13372
-12.0512	-7.74643
-12.3356	-7.68945
-13.0207	-7.41018
-12.8908	-5.7304
-10.9056	-4.94632
-10.1265	-4.8281
-8.644	-4.94161
-7.76727	-5.17325
-7.29996	-5.06565
-1.98174	-10.6548
3.71145	-12.1218
5.85364	-15.959
7.17462	-15.0138
6.02238	-18.8994
5.23474	-18.55
4.61093	-17.8528
3.12298	-18.2318
2.71049	-18.8131
1.65125	-17.3772
1.77577	-13.5303
4.49035	-7.52606
1.92271	-7.26832
-3.98707	-9.33837
-1.86724	-14.7442
-6.95718	-12.3312
-9.61828	-5.81627
-7.47733	-9.16021
-11.2271	-12.1255
-9.04278	-8.69322
-6.41306	-15.0568
-5.39279	-14.8726
-6.66019	-12.7309
-4.45987	-12.3041
-2.47475	-12.3743
-3.65315	-10.9434
-0.985976	-10.8513
5.9402	-18.8453
6.72397	-16.7314
8.47673	-17.2147
8.7353	-16.3401
6.05268	-14.0899
-3.44582	-6.66161
0.712322	-10.0434
2.34478	-14.4512
-0.111332	-15.8546
-0.407825	-17.3744
1.12146	-20.0123
0.773286	-19.2182
-0.365526	-16.2406
0.853169	-9.08029
3.82782	-6.34501
3.31148	-5.48652
-0.145341	-16.5482
-2.52063	-22.1599
1.56605	-11.6146
2.05165	-24.8544
-0.438196	-27.603
-0.638018	-23.8482
4.46507	-27.819
7.62943	-24.3395
6.36165	-16.9235
4.11386	-12.6896
6.33643	-7.93382
7.25003	-10.0587
3.56908	-6.73221
2.37148	-5.95606
0.573239	-6.81153
2.40326	-11.2426
4.58766	-9.56368
1.16862	-4.68292
3.94609	-3.5295
-3.39936	0.217377
-8.16577	0.475089
-4.29521	-2.40704
-2.1077	-7.20012
5.5317	-11.0653
3.35152	-23.939
3.71687	-27.009
1.58915	-24.1325
-0.690959	-19.5356
-6.41286	-16.3515
-9.15668	-14.2022
-7.01297	-12.8539
-12.1378	-8.15946
-6.29669	-10.066
-11.2716	-10.4978
-10.764	-10.7705
-12.5805	-6.04235
-8.88636	-8.90002
-6.54553	-8.04363
-2.7898	-6.71102
0.746722	-4.73162
0.723207	-6.24282
-4.54638	-10.782
-4.04788	-9.00201
-2.40841	-13.6313
0.227885	-5.70592
0.90357	-6.62125
1.87285	-2.31582
-0.621371	-5.77006
-0.898291	-1.14203
-10.1775	-4.92809
-8.06327	-2.80232
-7.26925	-1.44638
-4.69453	0.416099
-6.42463	-8.70356
-1.12906	-10.1512
1.27896	-7.4236
0.565537	-4.37593
1.18415	-5.66865
0.443844	-5.26987
-1.0986	-2.46882
-4.625	-7.40231
2.99122	-5.96694
2.41461	-6.42321
0.108099	-4.26207
-1.5755	-6.21568
1.35653	-7.34895
0.791037	-5.73249
1.54137	1.27885
2.61617	-5.6156
3.08073	-7.64261
-1.23053	-5.98506
0.453632	-2.81675
-1.66641	-9.8337
2.30268	-4.70152
-0.615815	-20.9512
0.221637	-22.8795
1.40742	-23.4044
0.528769	-20.4887
-1.17766	-18.0952
-3.1354	-15.825
-6.21781	-12.7127
-8.00362	-11.4907
-10.1467	-10.2793
-13.2064	-9.58912
-14.8289	-9.01589
-15.1326	-9.06791
-12.6076	-9.82236
-13.6699	-5.85267
-11.5456	-5.57775
-11.4092	-3.76015
-8.39006	-4.15589
-7.65719	-4.05791
-6.33565	-2.13685
-6.04952	-2.92811
-2.94553	-4.17239
-0.642449	-9.10952
1.58667	-13.74
2.78018	-20.332
1.67512	-25.7082
-0.472372	-27.7683
-1.76484	-29.0577
-3.3908	-27.7254
-3.88049	-28.2227
-3.80673	-27.5289
-2.77413	-27.3778
-0.867765	-27.0645
1.2178	-26.4423
4.81526	-26.9611
7.9303	-25.2068
7.71529	-19.1962
5.37473	-16.6507
1.37741	-13.6561
1.54543	-16.0654
2.7465	-17.726
2.69639	-22.9063
-1.24193	-21.5986
1.22422	-20.5667
3.67968	-22.7571
3.02962	-21.0623
0.604043	-14.1986
-2.73722	-12.0032
-3.01167	-12.4084
-3.66339	-11.8616
-3.41559	-12.5318
-4.24401	-12.4961
-3.90516	-13.6085
-4.67173	-13.0619
-4.60488	-14.9592
-5.19327	-15.689
-5.77355	-14.8526
-6.63088	-13.117
-8.40015	-11.8344
-6.39333	-12.3634
-3.00496	-13.2939
-3.78294	-1.35544
-7.93464	0.270574
-14.3232	-2.85038
-11.1803	-7.09755
-11.8397	-8.413
-11.9356	-5.45837
-11.4853	-6.23861
-7.17442	-11.7409
-9.16472	-13.0414
-4.26088	-7.62378
-4.07395	-8.59912
-2.29155	-10.853
0.418206	-14.0345
2.33238	-17.1004
3.33655	-17.4506
2.35045	-16.2989
3.35628	-16.3876
4.02281	-15.4814
5.1043	-14.1289
0.993985	-14.1176
4.57221	-7.08672
2.37133	-5.9668
1.29237	-7.58797
-2.76927	-6.45555
1.61224	-2.20319
-6.77941	-10.1969
-14.405	-3.72384
-13.6243	-3.95891
-12.9924	-4.83933
-11.6306	-6.22551
-10.3175	-7.52607
-10.671	-4.09375
-8.2668	-3.01569
-9.61101	-2.5867
-11.4497	-0.194683
-12.6078	-3.68645
-8.5711	-7.18742
-2.13405	-8.38645
3.17613	-5.41448
2.41818	-3.73888
-3.05679	-14.8568
-2.49048	-15.3609
-4.98302	-12.2893
-1.91818	-15.9002
-0.64734	-12.0339
4.23463	-9.98147
6.54163	-8.32712
4.29535	-6.86502
3.57463	-6.61587
-1.13718	-5.988
-0.956502	-7.53964
0.363595	-6.35146
-6.31595	-11.7451
-6.22538	-17.4964
5.4476	-11.5304
-0.169639	-20.557
-1.22055	-26.5421
0.986839	-28.2583
-0.380092	-24.5848
2.00944	-22.2194
6.1529	-18.18
6.1555	-19.8132
3.43616	-18.9603
2.43206	-20.8125
2.81476	-21.3756
3.15588	-19.2337
1.46367	-15.6346
0.814703	-14.3653
-3.81653	-9.52029
-6.44957	-9.68586
-6.22881	-7.57539
-2.5343	-8.81046
-7.02363	0.702838
1.80564	-5.64509
-2.94685	-6.02006
-1.66126	-4.69357
-2.00003	-3.9307
3.59177	-3.82972
-2.14866	-8.89108
-0.645148	-15.1397
-1.58732	-15.1613
-1.94955	-13.7711
-3.73652	-10.6381
-5.39084	-8.0807
-7.50333	-5.46535
-8.56157	-3.60564
-9.86057	-3.52157
-8.10893	-6.6765
-7.45595	-9.55107
-1.63823	-7.86974
0.481635	2.14226
-1.24425	1.61344
-8.50289	1.45229
-8.67041	4.23212
-5.89823	-3.64376
-13.2196	-9.59523
-4.89919	-3.17244
-3.79678	-12.5979
-4.58824	-13.5902
2.85912	-12.6229
7.92599	-10.5138
-3.63931	-10.2374
-3.32301	-13.5952
-4.58903	-14.3425
-4.30076	-11.7599
-4.76266	-9.04791
-1.91713	-8.32036
0.537753	-10.2304
5.90729	-12.3808
5.1587	-12.4168
5.42094	-14.2329
4.52871	-14.9622
3.36933	-14.0273
0.556534	-11.9753
-0.560179	-10.221
-2.17709	-6.84016
-2.76795	-4.96014
-2.71607	-4.80345
-2.53687	-3.02806
-3.61682	-1.41746
-4.8089	-1.22876
-3.72609	-3.25389
-6.69391	-4.72842
-6.98364	-9.71717
-5.83124	-12.116
-8.67637	-14.5316
-5.33838	-18.3728
-5.27933	-20.5701
-7.11596	-11.4882
-7.70785	-7.78429
-2.16291	-11.5865
-1.68289	-11.6044
-3.00296	-13.0203
3.04411	-8.68929
3.45406	-5.20557
3.74911	-6.5917
4.2485	-7.22045
1.80148	-4.32874
6.0523	-2.93288
6.7182	-4.17419
-3.79385	-16.9466
-7.38348	-16.5029
-7.46589	-22.4686
-10.0261	-18.2519
-7.7107	-17.3961
-5.6852	-16.0476
-2.73343	-13.7101
6.74661	-13.7584
7.85004	-14.0228
7.12352	-14.3441
5.40431	-11.2165
3.1786	-12.091
-1.93018	-11.1576
-3.0402	-11.2039
-3.75081	-11.0349
-4.49662	-10.7877
-6.30678	-10.0118
-7.42769	-9.57008
-1.6528	-15.2142
0.7634	-16.2303
0.799957	-11.3389
1.24599	-4.9163
0.819113	-4.23464
4.47809	-1.79792
3.0162	-4.22352
-2.03251	-10.4485
1.42455	-18.3004
-1.33407	-20.2278
-9.91001	-8.46282
-12.0551	-3.9248
-10.7082	-6.98778
-9.97233	-9.74967
-11.7252	-9.29977
-12.2002	-8.65586
-11.2368	-10.846
-6.90152	-12.8013
-8.45798	-8.93149
-6.30214	-1.89994
-7.30317	0.285683
-7.14787	2.20024
-5.29553	2.01539
-2.51054	-2.79017
-5.03269	-8.62516
-5.79197	-5.05823
-7.35499	-4.8419
-5.75879	-4.63312
0.850562	-2.37721
0.0182584	-4.59202
2.16949	-7.23795
2.91131	-5.04096
-3.88446	-9.97736
-10.2183	-7.86652
-10.3057	-9.38311
-10.9586	-8.31722
-9.91693	-10.2157
-9.02011	-11.0248
-5.99196	-14.3893
-3.50654	-10.5988
-4.82242	-12.2667
-3.32768	-15.0705
-4.61564	-14.9788
-2.44808	-8.09251
1.43669	-5.99063
-0.0389802	-5.78116
2.89308	-9.82026
2.61037	-9.42859
1.55796	-3.22983
1.1405	-9.21652
3.69261	-7.09636
2.77398	-4.69466
-3.63795	-11.4486
-9.03888	-9.1471
-13.0062	-8.92991
-7.28049	-11.2522
-4.33219	-12.1299
-4.17673	-8.07715
3.21834	-3.17877
6.75271	-6.18222
5.29565	-5.64745
-0.60038	-8.79022
-5.115	-13.4336
-5.06851	-13.4859
-1.07403	-14.1927
2.70102	-16.7213
2.83722	-26.8835
3.17514	-30.3339
1.86673	-29.5546
2.94677	-30.423
2.29061	-28.953
3.63229	-28.4697
4.45672	-27.4125
6.15486	-26.1393
3.80816	-24.393
1.73093	-20.6023
2.71269	-18.8823
2.12749	-16.5661
1.86207	-16.5089
0.895877	-6.96987
-0.490859	-6.05306
-2.2254	-13.3383
-5.31148	-8.2657
-8.03754	-3.33575
-4.19879	-6.07042
-1.79508	-15.2252
-6.70652	-16.5931
-8.49883	-18.1349
-9.15617	-17.3094
-9.09657	-14.0318
-6.2691	-12.5088
-5.36602	-13.2249
-3.89759	-15.3469
-6.4919	-13.1796
-7.79237	-12.5138
-7.63447	-12.7131
-7.09086	-11.0184
-5.66987	-11.1655
-4.9818	-13.0275
-3.61113	-17.2629
-4.39918	-21.8054
-6.67123	-23.5771
-8.54783	-21.4236
-7.57696	-17.2967
4.83116	-21.9757
4.97839	-20.6322
2.77425	-21.0961
3.19351	-20.6266
3.29067	-22.174
3.87923	-15.4833
1.43229	-10.5208
4.82515	-8.53059
-0.202904	-13.1887
-8.13813	-11.9783
-3.62205	-14.3154
-0.747165	-15.628
-2.25891	-19.6643
-5.77759	-14.8889
-6.17562	-13.5126
-4.45696	-14.3796
-2.11047	-17.8507
-1.16496	-18.6605
-2.65177	-12.1182
-0.845353	-17.8686
0.996554	-20.6179
-0.584223	-18.6963
-2.58544	-14.8915
-3.3802	-9.2618
-4.09555	-9.39521
-3.86148	-8.84052
-4.62729	-10.1316
-7.393	-10.6078
-8.64676	-10.8953
-8.25303	-11.8718
-8.29701	-11.9141
-7.26526	-9.5711
-6.12535	-9.12577
-2.9175	-11.3735
-1.09776	-13.9447
2.34144	-15.6564
6.31455	-16.821
6.13776	-21.3479
5.84535	-22.6094
5.09172	-22.4553
3.34862	-19.6954
-4.62212	-15.6113
-9.35626	-13.467
-12.8101	-13.9558
-12.8833	-13.5979
-13.723	-14.7935
-12.9434	-17.6586
-12.2792	-21.2203
-9.67193	-25.0222
-7.21836	-25.5154
-4.40255	-24.3519
-2.81286	-20.9255
-2.47551	-17.2801
-3.96867	-13.7086
-3.31979	-12.6998
-1.41074	-14.8033
-1.60389	-15.0633
-2.26468	-15.6537
-7.81289	-11.8225
-3.4417	-16.0434
-6.1227	-12.0154
-8.47283	-10.5156
-9.63627	-7.8822
-9.77397	-6.51293
-11.8888	-4.79681
-12.7428	-4.65654
-12.6929	-6.67673
-11.3713	-9.78911
-7.38816	-13.0885
-3.97755	-14.636
-1.05172	-16.4538
2.18653	-16.1848
5.85968	-14.6592
6.29758	-19.7353
4.95083	-20.0039
5.72413	-21.206
5.51547	-19.3002
4.17038	-17.6982
-3.47032	-10.9768
-8.26765	-8.14024
-9.71886	-11.3176
-7.82568	-16.6262
-6.22143	-19.929
-4.66947	-24.0836
-2.84686	-24.0652
-1.6461	-22.2244
-0.493214	-20.5709
0.472608	-19.7149
-1.08476	-14.5666
-4.96577	-8.51577
-2.42631	-10.5136
0.348704	-5.30676
-5.8031	0.497447
-7.46218	0.508572
-6.89148	0.228018
-6.43329	-1.5488
-9.63034	-2.46375
-9.55562	-11.4531
-4.74423	-6.57102
-1.9852	-4.89565
-3.00442	-4.36647
-1.80762	-3.41893
1.65516	-4.10069
0.381176	-8.98748
-6.71626	-11.0722
-10.8071	-8.93962
-8.93188	-8.72321
-5.3705	-7.89707
1.24416	-7.14346
0.303875	-10.8936
3.57231	-15.5946
5.22164	-18.3497
7.49389	-24.2049
5.86794	-28.1565
2.58489	-26.0085
1.11769	-25.6872
-0.245053	-27.7148
-1.66174	-27.6602
-1.29834	-28.3851
0.564397	-30.0536
0.785098	-26.4036
0.476947	-26.9186
-0.834391	-24.6251
-2.55167	-23.0713
-0.759253	-18.0683
1.92535	-13.3165
2.10685	-17.0291
-0.172921	-17.2315
-1.24069	-14.2786
-2.4308	-14.8955
-2.98035	-15.8317
-7.6229	-14.3207
3.86278	-12.7703
1.7897	-9.78613
1.81775	-10.6335
-3.33464	-21.6378
-6.88678	-20.4561
-1.40536	-24.9914
1.65915	-25.3972
4.89527	-15.7883
0.99565	-18.0524
1.52242	-15.6526
7.12855	-9.28137
4.36228	-10.3799
-1.78671	-9.10611
-3.47218	-13.7805
0.323234	-15.6021
2.52863	-7.32826
2.79849	3.19037
-1.09819	-3.35076
4.2416	-4.52558
3.29428	-7.88757
-0.860303	-6.22022
-2.73707	0.711037
-1.27398	-0.710464
-0.0580538	-4.91109
-3.31383	-0.817382
-2.08474	-3.92565
0.00305807	-1.67397
-2.45436	-7.4318
-4.84143	-9.97577
-2.08335	-1.18749
-0.617024	-4.85913
2.05683	-1.46104
-0.953055	-5.53209
-2.73224	-8.38708
2.31959	-3.07755
0.512272	-3.67556
1.70311	0.211066
