DATA: 4410 x 18
Ep!
Feature 0
-0.531135	rho[0][5]
-0.426354	rho[0][8]
-0.289592	rho[0][3]
-0.281342	rho[0][11]
-0.254227	rho[0][10]
-0.174829	rho[0][16]
0.0989177	rho[0][2]
-0.0945057	rho[0][1]
0.0726236	rho[0][9]
0.0573099	rho[0][14]
-0.0544416	rho[0][17]
-0.0426744	rho[0][12]
-0.0372003	rho[0][7]
-0.029588	rho[0][13]
0.0267486	rho[0][15]
0.0210762	rho[0][4]
0.00705297	rho[0][6]

Feature 1
-0.353589	rho[1][6]
0.339679	rho[1][8]
-0.21889	rho[1][12]
-0.211226	rho[1][3]
0.161834	rho[1][2]
-0.160829	rho[1][4]
-0.138453	rho[1][11]
-0.130253	rho[1][5]
-0.0945057	rho[1][0]
0.0853614	rho[1][7]
-0.0644405	rho[1][17]
-0.0578607	rho[1][16]
-0.0375834	rho[1][9]
0.0347484	rho[1][14]
-0.0192465	rho[1][10]
0.0163669	rho[1][13]
-0.0016601	rho[1][15]

Feature 2
-0.212516	rho[2][3]
-0.185495	rho[2][6]
0.161834	rho[2][1]
-0.122284	rho[2][5]
0.108282	rho[2][17]
-0.107331	rho[2][7]
0.100038	rho[2][13]
0.0989948	rho[2][15]
0.0989177	rho[2][0]
-0.0821051	rho[2][11]
0.0780149	rho[2][14]
0.0546726	rho[2][4]
-0.0425199	rho[2][12]
-0.0360866	rho[2][8]
0.017906	rho[2][9]
0.0170382	rho[2][10]
-0.0115244	rho[2][16]

Feature 3
0.291315	rho[3][10]
-0.289592	rho[3][0]
-0.212516	rho[3][2]
-0.211226	rho[3][1]
0.206748	rho[3][5]
0.143954	rho[3][12]
0.114969	rho[3][6]
-0.103911	rho[3][9]
0.0841794	rho[3][17]
-0.0769823	rho[3][15]
-0.0756761	rho[3][14]
0.0487269	rho[3][16]
0.0466156	rho[3][11]
-0.0298878	rho[3][4]
-0.0212363	rho[3][13]
0.0210191	rho[3][8]
0.00480401	rho[3][7]

Feature 4
0.164031	rho[4][17]
-0.160829	rho[4][1]
-0.12769	rho[4][6]
-0.119532	rho[4][5]
-0.107381	rho[4][8]
0.0953495	rho[4][15]
0.0935544	rho[4][10]
0.072052	rho[4][13]
0.0606429	rho[4][14]
0.056919	rho[4][16]
0.0546726	rho[4][2]
0.0394383	rho[4][12]
0.0330754	rho[4][11]
-0.0298878	rho[4][3]
-0.0253131	rho[4][7]
0.0210762	rho[4][0]
-0.00622882	rho[4][9]

Feature 5
-0.531135	rho[5][0]
0.258839	rho[5][8]
0.23841	rho[5][11]
0.206748	rho[5][3]
-0.202607	rho[5][7]
0.143063	rho[5][16]
-0.130253	rho[5][1]
-0.12524	rho[5][14]
-0.122284	rho[5][2]
-0.119532	rho[5][4]
-0.113817	rho[5][15]
0.105326	rho[5][12]
-0.082725	rho[5][13]
-0.0816827	rho[5][9]
-0.0117639	rho[5][10]
-0.00715255	rho[5][17]
0.0035394	rho[5][6]

Feature 6
-0.353589	rho[6][1]
-0.185495	rho[6][2]
-0.161778	rho[6][7]
-0.160109	rho[6][8]
-0.137909	rho[6][15]
-0.12769	rho[6][4]
0.114969	rho[6][3]
0.102634	rho[6][9]
-0.0794818	rho[6][14]
0.0789197	rho[6][16]
-0.0698675	rho[6][13]
-0.0604453	rho[6][10]
0.0355388	rho[6][11]
0.00705297	rho[6][0]
0.00606603	rho[6][12]
-0.00528199	rho[6][17]
0.0035394	rho[6][5]

Feature 7
-0.202607	rho[7][5]
0.164191	rho[7][14]
-0.161778	rho[7][6]
0.124592	rho[7][15]
-0.107331	rho[7][2]
0.106038	rho[7][10]
0.090894	rho[7][8]
0.0853614	rho[7][1]
-0.0616369	rho[7][9]
-0.0490238	rho[7][11]
-0.0372003	rho[7][0]
0.0339147	rho[7][17]
-0.0295024	rho[7][16]
-0.0253131	rho[7][4]
-0.0191138	rho[7][12]
-0.00986477	rho[7][13]
0.00480401	rho[7][3]

Feature 8
-0.426354	rho[8][0]
0.339679	rho[8][1]
0.258839	rho[8][5]
-0.160109	rho[8][6]
0.151524	rho[8][11]
0.124985	rho[8][10]
-0.119321	rho[8][9]
-0.107381	rho[8][4]
0.0968114	rho[8][16]
-0.0938835	rho[8][12]
0.090894	rho[8][7]
-0.0669115	rho[8][13]
-0.0502289	rho[8][14]
-0.0360866	rho[8][2]
-0.034596	rho[8][17]
0.0210191	rho[8][3]
0.0113824	rho[8][15]

Feature 9
-0.133256	rho[9][10]
-0.119321	rho[9][8]
-0.103911	rho[9][3]
0.102634	rho[9][6]
-0.0816827	rho[9][5]
-0.0781038	rho[9][15]
0.0761321	rho[9][16]
0.0726236	rho[9][0]
0.0707303	rho[9][14]
-0.0616369	rho[9][7]
0.0444458	rho[9][17]
0.0389262	rho[9][12]
-0.0375834	rho[9][1]
0.0344353	rho[9][13]
0.017906	rho[9][2]
-0.00622882	rho[9][4]
0.00182256	rho[9][11]

Feature 10
0.291315	rho[10][3]
-0.254227	rho[10][0]
0.17156	rho[10][17]
-0.133256	rho[10][9]
0.124985	rho[10][8]
0.113352	rho[10][12]
0.106038	rho[10][7]
0.0935544	rho[10][4]
0.0930422	rho[10][15]
-0.0864708	rho[10][14]
-0.0604453	rho[10][6]
0.0287989	rho[10][13]
-0.0192465	rho[10][1]
0.0170382	rho[10][2]
-0.0117639	rho[10][5]
0.011763	rho[10][11]
-0.0109903	rho[10][16]

Feature 11
-0.281342	rho[11][0]
0.23841	rho[11][5]
0.151524	rho[11][8]
-0.138453	rho[11][1]
0.104405	rho[11][16]
-0.100799	rho[11][17]
-0.0821051	rho[11][2]
0.0704867	rho[11][13]
-0.0579671	rho[11][14]
-0.0538265	rho[11][12]
-0.0490238	rho[11][7]
0.0466156	rho[11][3]
0.0355388	rho[11][6]
0.0330754	rho[11][4]
-0.0135171	rho[11][15]
0.011763	rho[11][10]
0.00182256	rho[11][9]

Feature 12
-0.21889	rho[12][1]
0.143954	rho[12][3]
0.113352	rho[12][10]
0.108609	rho[12][14]
0.105326	rho[12][5]
0.103294	rho[12][17]
-0.0938835	rho[12][8]
-0.0538265	rho[12][11]
-0.0426744	rho[12][0]
-0.0425199	rho[12][2]
0.0394383	rho[12][4]
0.0389262	rho[12][9]
-0.0342074	rho[12][13]
0.0270392	rho[12][15]
-0.0202564	rho[12][16]
-0.0191138	rho[12][7]
0.00606603	rho[12][6]

Feature 13
0.163146	rho[13][15]
0.100038	rho[13][2]
-0.082725	rho[13][5]
0.0796309	rho[13][14]
0.072052	rho[13][4]
0.0704867	rho[13][11]
-0.0698675	rho[13][6]
-0.0669115	rho[13][8]
0.0344353	rho[13][9]
-0.0342074	rho[13][12]
-0.029588	rho[13][0]
-0.0292282	rho[13][16]
0.0287989	rho[13][10]
-0.0212363	rho[13][3]
0.0163669	rho[13][1]
-0.0116242	rho[13][17]
-0.00986477	rho[13][7]

Feature 14
0.164191	rho[14][7]
0.126825	rho[14][15]
-0.12524	rho[14][5]
0.108609	rho[14][12]
0.0965168	rho[14][17]
0.087141	rho[14][16]
-0.0864708	rho[14][10]
0.0796309	rho[14][13]
-0.0794818	rho[14][6]
0.0780149	rho[14][2]
-0.0756761	rho[14][3]
0.0707303	rho[14][9]
0.0606429	rho[14][4]
-0.0579671	rho[14][11]
0.0573099	rho[14][0]
-0.0502289	rho[14][8]
0.0347484	rho[14][1]

Feature 15
0.163146	rho[15][13]
0.151933	rho[15][17]
-0.137909	rho[15][6]
0.126825	rho[15][14]
0.124592	rho[15][7]
-0.113817	rho[15][5]
0.0989948	rho[15][2]
0.0953495	rho[15][4]
0.0930422	rho[15][10]
0.0846381	rho[15][16]
-0.0781038	rho[15][9]
-0.0769823	rho[15][3]
0.0270392	rho[15][12]
0.0267486	rho[15][0]
-0.0135171	rho[15][11]
0.0113824	rho[15][8]
-0.0016601	rho[15][1]

Feature 16
0.209087	rho[16][17]
-0.174829	rho[16][0]
0.143063	rho[16][5]
0.104405	rho[16][11]
0.0968114	rho[16][8]
0.087141	rho[16][14]
0.0846381	rho[16][15]
0.0789197	rho[16][6]
0.0761321	rho[16][9]
-0.0578607	rho[16][1]
0.056919	rho[16][4]
0.0487269	rho[16][3]
-0.0295024	rho[16][7]
-0.0292282	rho[16][13]
-0.0202564	rho[16][12]
-0.0115244	rho[16][2]
-0.0109903	rho[16][10]

Feature 17
0.209087	rho[17][16]
0.17156	rho[17][10]
0.164031	rho[17][4]
0.151933	rho[17][15]
0.108282	rho[17][2]
0.103294	rho[17][12]
-0.100799	rho[17][11]
0.0965168	rho[17][14]
0.0841794	rho[17][3]
-0.0644405	rho[17][1]
-0.0544416	rho[17][0]
0.0444458	rho[17][9]
-0.034596	rho[17][8]
0.0339147	rho[17][7]
-0.0116242	rho[17][13]
-0.00715255	rho[17][5]
-0.00528199	rho[17][6]

